344	24	7	4	5	33	-1
344	18	6	4	5	9	-1
344	77	16	3	5	29	-1
344	18	5	4	5	12	-1
344	11	61	4	5	64	-1
344	18	8	4	5	9	-1
344	68	8	5	5	44	-1
344	68	8	4	18	44	-1
344	18	6	4	5	17	-1
344	78	16	3	5	85	-1
345	5	4	-1	-1	-1	-1
345	10	6	-1	-1	-1	-1
345	7	4	-1	-1	-1	-1
345	4	4	-1	-1	-1	-1
345	2	2	-1	-1	-1	-1
345	3	2	-1	-1	-1	-1
345	12	7	-1	-1	-1	-1
345	15	4	-1	-1	-1	-1
345	5	5	-1	-1	-1	-1
345	5	0	-1	-1	-1	-1
346	3	0	1	0	-1	-1
346	10	6	1	0	-1	-1
346	12	2	1	2	-1	-1
346	12	2	1	0	-1	-1
346	21	15	1	2	-1	-1
346	20	15	1	0	-1	-1
346	10	3	1	0	-1	-1
346	10	0	1	0	-1	-1
346	20	15	1	2	-1	-1
346	10	6	1	2	-1	-1
347	2	6	0	2	-1	-1
347	2	6	0	8	-1	-1
347	2	24	0	4	-1	-1
347	13	32	0	1	-1	-1
347	2	6	0	4	-1	-1
347	2	11	0	4	-1	-1
347	3	7	0	2	-1	-1
347	2	20	0	4	-1	-1
347	2	6	2	2	-1	-1
347	2	13	0	2	-1	-1
340	0	0	-1	-1	-1	-1
340	0	1	-1	-1	-1	-1
340	12	0	-1	-1	-1	-1
340	13	0	-1	-1	-1	-1
340	1	0	-1	-1	-1	-1
340	13	1	-1	-1	-1	-1
340	7	5	-1	-1	-1	-1
340	23	3	-1	-1	-1	-1
340	12	1	-1	-1	-1	-1
340	0	16	-1	-1	-1	-1
341	0	0	4	-1	-1	-1
341	5	0	0	-1	-1	-1
341	1	0	0	-1	-1	-1
341	0	0	0	-1	-1	-1
341	0	0	10	-1	-1	-1
341	6	0	0	-1	-1	-1
341	1	0	10	-1	-1	-1
341	6	0	4	-1	-1	-1
341	6	0	10	-1	-1	-1
341	5	0	10	-1	-1	-1
342	3	2	3	-1	-1	-1
342	0	0	3	-1	-1	-1
342	2	0	3	-1	-1	-1
342	2	2	3	-1	-1	-1
342	1	0	3	-1	-1	-1
342	2	4	3	-1	-1	-1
342	2	0	1	-1	-1	-1
342	72	2	3	-1	-1	-1
342	5	0	3	-1	-1	-1
342	0	0	1	-1	-1	-1
343	2	0	0	-1	-1	-1
343	3	13	2	-1	-1	-1
343	0	0	0	-1	-1	-1
343	3	13	4	-1	-1	-1
343	2	13	2	-1	-1	-1
343	2	5	2	-1	-1	-1
343	3	5	2	-1	-1	-1
343	11	0	0	-1	-1	-1
343	2	13	4	-1	-1	-1
343	1	13	2	-1	-1	-1
348	0	13	1	0	-1	-1
348	0	0	1	1	-1	-1
348	0	20	2	0	-1	-1
348	0	1	1	0	-1	-1
348	22	5	9	1	-1	-1
348	20	10	9	0	-1	-1
348	0	5	13	0	-1	-1
348	11	6	15	1	-1	-1
348	0	1	1	1	-1	-1
348	10	10	14	1	-1	-1
349	12	0	1	11	-1	-1
349	12	0	2	11	-1	-1
349	3	8	2	4	-1	-1
349	12	9	1	11	-1	-1
349	3	8	1	4	-1	-1
349	14	8	2	4	-1	-1
349	12	9	2	11	-1	-1
349	3	9	2	4	-1	-1
349	3	2	2	5	-1	-1
349	3	2	2	4	-1	-1
298	11	15	-1	-1	-1	-1
298	1	3	-1	-1	-1	-1
298	1	7	-1	-1	-1	-1
298	11	3	-1	-1	-1	-1
298	1	8	-1	-1	-1	-1
298	1	2	-1	-1	-1	-1
298	1	0	-1	-1	-1	-1
298	11	2	-1	-1	-1	-1
298	6	7	-1	-1	-1	-1
298	3	0	-1	-1	-1	-1
299	34	42	34	25	-1	-1
299	9	7	8	11	-1	-1
299	24	11	2	5	-1	-1
299	18	14	60	0	-1	-1
299	21	11	2	6	-1	-1
299	38	11	2	6	-1	-1
299	67	47	65	27	-1	-1
299	35	2	35	5	-1	-1
299	21	27	2	6	-1	-1
299	126	7	48	18	-1	-1
296	22	0	5	-1	-1	-1
296	10	52	5	-1	-1	-1
296	18	0	5	-1	-1	-1
296	21	0	5	-1	-1	-1
296	10	7	5	-1	-1	-1
296	10	2	5	-1	-1	-1
296	22	7	5	-1	-1	-1
296	2	0	5	-1	-1	-1
296	27	7	5	-1	-1	-1
296	35	0	4	-1	-1	-1
297	3	0	35	2	4	7
297	3	1	1	11	6	0
297	1	0	2	0	2	0
297	3	0	41	1	4	10
297	35	0	1	0	4	3
297	35	0	16	0	4	3
297	3	0	35	2	4	10
297	3	0	1	0	27	0
297	3	0	51	1	4	7
297	13	0	1	5	4	13
294	3	1	2	-1	-1	-1
294	5	7	8	-1	-1	-1
294	10	1	2	-1	-1	-1
294	5	7	15	-1	-1	-1
294	5	6	8	-1	-1	-1
294	3	0	2	-1	-1	-1
294	5	6	15	-1	-1	-1
294	3	9	2	-1	-1	-1
294	5	7	33	-1	-1	-1
294	3	1	11	-1	-1	-1
295	0	0	0	1	-1	-1
295	0	3	0	1	-1	-1
295	0	4	1	1	-1	-1
295	0	4	0	1	-1	-1
295	0	3	0	0	-1	-1
295	5	0	1	2	-1	-1
295	5	6	1	2	-1	-1
295	0	0	1	2	-1	-1
295	0	0	6	1	-1	-1
295	5	4	1	2	-1	-1
292	17	0	4	6	-1	-1
292	0	0	4	0	-1	-1
292	0	0	4	6	-1	-1
292	5	0	4	6	-1	-1
292	16	0	4	6	-1	-1
292	17	0	4	0	-1	-1
292	1	0	4	0	-1	-1
292	0	0	1	6	-1	-1
292	16	0	4	9	-1	-1
292	0	0	4	9	-1	-1
293	0	3	60	44	1	-1
293	0	3	32	21	1	-1
293	0	3	103	21	1	-1
293	0	3	6	12	4	-1
293	0	3	60	21	1	-1
293	2	3	32	21	1	-1
293	0	3	87	21	9	-1
293	0	3	151	73	4	-1
293	47	3	60	44	4	-1
293	12	3	131	21	6	-1
290	0	0	0	-1	-1	-1
290	7	5	4	-1	-1	-1
290	7	0	4	-1	-1	-1
290	7	0	0	-1	-1	-1
290	6	0	0	-1	-1	-1
290	0	0	1	-1	-1	-1
290	1	4	1	-1	-1	-1
290	7	5	1	-1	-1	-1
290	5	0	0	-1	-1	-1
290	5	5	4	-1	-1	-1
291	0	0	0	1	-1	-1
291	0	0	1	1	-1	-1
291	0	0	3	7	-1	-1
291	1	0	2	0	-1	-1
291	0	0	3	1	-1	-1
291	0	0	3	4	-1	-1
291	1	0	3	4	-1	-1
291	0	0	0	7	-1	-1
291	0	0	0	6	-1	-1
291	0	0	0	0	-1	-1
199	0	1	2	1	-1	-1
199	0	1	5	1	-1	-1
199	0	0	2	1	-1	-1
199	0	0	5	2	-1	-1
199	0	0	2	2	-1	-1
199	0	1	3	1	-1	-1
199	0	1	12	1	-1	-1
199	0	0	5	1	-1	-1
199	0	1	12	2	-1	-1
199	0	0	12	1	-1	-1
198	4	6	5	3	17	-1
198	6	6	15	2	0	-1
198	4	10	4	3	17	-1
198	23	10	4	4	17	-1
198	4	6	5	3	6	-1
198	58	6	5	3	7	-1
198	4	6	4	3	17	-1
198	4	6	5	4	6	-1
198	6	6	0	16	42	-1
198	4	6	4	5	17	-1
195	0	1	-1	-1	-1	-1
195	0	2	-1	-1	-1	-1
195	1	2	-1	-1	-1	-1
195	0	3	-1	-1	-1	-1
195	0	8	-1	-1	-1	-1
195	1	1	-1	-1	-1	-1
195	1	3	-1	-1	-1	-1
195	0	5	-1	-1	-1	-1
195	0	0	-1	-1	-1	-1
195	1	8	-1	-1	-1	-1
194	11	0	-1	-1	-1	-1
194	0	0	-1	-1	-1	-1
194	3	0	-1	-1	-1	-1
194	0	3	-1	-1	-1	-1
194	12	0	-1	-1	-1	-1
194	2	0	-1	-1	-1	-1
194	8	0	-1	-1	-1	-1
194	14	0	-1	-1	-1	-1
194	20	0	-1	-1	-1	-1
194	0	1	-1	-1	-1	-1
197	1	1	1	-1	-1	-1
197	1	0	1	-1	-1	-1
197	1	4	1	-1	-1	-1
197	1	2	1	-1	-1	-1
197	1	3	1	-1	-1	-1
197	3	1	1	-1	-1	-1
197	0	0	0	-1	-1	-1
197	6	2	0	-1	-1	-1
197	3	4	1	-1	-1	-1
197	6	0	0	-1	-1	-1
196	19	26	22	22	4	-1
196	6	4	3	4	4	-1
196	6	4	3	4	5	-1
196	14	2	3	0	4	-1
196	6	13	3	10	4	-1
196	6	11	6	10	4	-1
196	5	4	3	4	4	-1
196	6	13	3	4	4	-1
196	13	15	12	14	4	-1
196	5	11	6	0	35	-1
191	0	0	0	0	-1	-1
191	17	0	0	0	-1	-1
191	15	0	0	0	-1	-1
191	29	1	11	0	-1	-1
191	0	1	11	6	-1	-1
191	2	0	0	0	-1	-1
191	0	0	0	2	-1	-1
191	10	0	0	2	-1	-1
191	98	1	11	3	-1	-1
191	42	4	0	6	-1	-1
190	7	19	2	13	23	-1
190	7	2	2	2	2	-1
190	7	7	2	7	2	-1
190	7	1	2	2	2	-1
190	5	3	2	2	2	-1
190	5	2	2	2	2	-1
190	7	5	2	2	2	-1
190	13	2	2	2	2	-1
190	7	1	3	1	2	-1
190	13	1	2	2	2	-1
193	1	6	2	0	-1	-1
193	0	23	0	5	-1	-1
193	1	6	2	4	-1	-1
193	0	4	8	11	-1	-1
193	1	11	7	9	-1	-1
193	0	42	0	3	-1	-1
193	0	4	0	3	-1	-1
193	0	6	2	3	-1	-1
193	1	11	2	24	-1	-1
193	0	4	0	19	-1	-1
192	0	1	0	0	-1	-1
192	0	1	0	2	-1	-1
192	0	0	0	0	-1	-1
192	1	1	0	0	-1	-1
192	0	1	5	0	-1	-1
192	11	0	0	2	-1	-1
192	1	1	0	2	-1	-1
192	0	1	2	0	-1	-1
192	1	1	5	0	-1	-1
192	0	0	5	0	-1	-1
270	0	1	0	4	-1	-1
270	0	0	0	2	-1	-1
270	0	1	0	2	-1	-1
270	0	0	0	4	-1	-1
270	0	1	0	3	-1	-1
270	0	0	0	3	-1	-1
270	1	0	0	4	-1	-1
270	1	1	0	4	-1	-1
270	0	4	0	2	-1	-1
270	0	1	0	1	-1	-1
271	0	4	-1	-1	-1	-1
271	0	7	-1	-1	-1	-1
271	0	2	-1	-1	-1	-1
271	0	6	-1	-1	-1	-1
271	9	4	-1	-1	-1	-1
271	0	15	-1	-1	-1	-1
271	13	35	-1	-1	-1	-1
271	0	0	-1	-1	-1	-1
271	21	4	-1	-1	-1	-1
271	1	4	-1	-1	-1	-1
272	0	0	1	0	1	-1
272	0	0	1	10	0	-1
272	0	0	1	8	1	-1
272	0	0	1	0	0	-1
272	4	2	2	10	2	-1
272	0	0	1	0	3	-1
272	0	0	1	0	4	-1
272	0	0	2	0	4	-1
272	0	0	1	6	1	-1
272	0	11	3	6	8	-1
273	12	0	1	3	-1	-1
273	19	0	1	3	-1	-1
273	12	0	10	3	-1	-1
273	14	0	1	4	-1	-1
273	16	0	6	0	-1	-1
273	12	0	1	12	-1	-1
273	39	0	10	0	-1	-1
273	0	0	1	3	-1	-1
273	12	0	9	3	-1	-1
273	39	0	10	4	-1	-1
274	2	5	5	1	-1	-1
274	0	0	7	0	-1	-1
274	0	0	0	0	-1	-1
274	1	5	5	1	-1	-1
274	1	6	5	1	-1	-1
274	0	5	5	0	-1	-1
274	2	4	8	1	-1	-1
274	0	55	11	0	-1	-1
274	0	0	37	0	-1	-1
274	0	0	14	0	-1	-1
275	0	0	2	3	-1	-1
275	0	0	1	9	-1	-1
275	0	0	0	9	-1	-1
275	0	5	2	3	-1	-1
275	0	1	2	3	-1	-1
275	0	0	1	7	-1	-1
275	0	0	2	0	-1	-1
275	33	1	0	7	-1	-1
275	0	25	0	7	-1	-1
275	0	5	0	7	-1	-1
276	2	1	0	-1	-1	-1
276	2	6	0	-1	-1	-1
276	5	3	0	-1	-1	-1
276	0	1	0	-1	-1	-1
276	2	3	0	-1	-1	-1
276	2	2	0	-1	-1	-1
276	0	0	0	-1	-1	-1
276	2	0	0	-1	-1	-1
276	1	0	0	-1	-1	-1
276	1	6	0	-1	-1	-1
277	1	4	2	-1	-1	-1
277	1	4	0	-1	-1	-1
277	1	8	2	-1	-1	-1
277	11	19	10	-1	-1	-1
277	7	8	2	-1	-1	-1
277	1	5	0	-1	-1	-1
277	1	9	0	-1	-1	-1
277	11	19	12	-1	-1	-1
277	11	11	10	-1	-1	-1
277	7	4	2	-1	-1	-1
278	8	1	7	1	-1	-1
278	2	4	1	1	-1	-1
278	11	5	7	1	-1	-1
278	2	4	7	1	-1	-1
278	17	1	11	1	-1	-1
278	12	4	1	1	-1	-1
278	23	4	7	1	-1	-1
278	7	4	11	1	-1	-1
278	66	1	7	1	-1	-1
278	22	5	1	1	-1	-1
279	7	0	0	0	0	-1
279	0	0	0	0	0	-1
279	0	3	0	5	0	-1
279	8	1	0	5	1	-1
279	8	1	3	7	1	-1
279	8	1	0	7	1	-1
279	0	3	0	17	0	-1
279	0	3	0	7	0	-1
279	7	6	0	0	0	-1
279	4	0	0	12	0	-1
449	6	0	2	6	-1	-1
449	6	0	5	8	-1	-1
449	6	0	2	8	-1	-1
449	6	0	18	6	-1	-1
449	1	0	5	8	-1	-1
449	1	0	18	8	-1	-1
449	6	0	5	6	-1	-1
449	6	0	18	16	-1	-1
449	5	1	9	8	-1	-1
449	19	1	8	7	-1	-1
448	3	2	8	7	-1	-1
448	5	2	6	5	-1	-1
448	3	22	8	7	-1	-1
448	3	3	8	6	-1	-1
448	5	40	6	5	-1	-1
448	33	25	38	29	-1	-1
448	3	2	8	3	-1	-1
448	5	2	5	5	-1	-1
448	20	13	3	3	-1	-1
448	1	2	8	3	-1	-1
443	1	1	1	1	-1	-1
443	1	1	7	1	-1	-1
443	1	0	0	0	-1	-1
443	1	7	0	1	-1	-1
443	1	7	0	0	-1	-1
443	1	5	1	1	-1	-1
443	2	9	0	0	-1	-1
443	1	1	0	2	-1	-1
443	1	9	0	1	-1	-1
443	0	0	0	0	-1	-1
442	6	3	0	5	-1	-1
442	7	5	5	6	-1	-1
442	11	6	4	5	-1	-1
442	9	2	4	1	-1	-1
442	11	2	4	5	-1	-1
442	9	6	0	1	-1	-1
442	41	12	1	5	-1	-1
442	7	4	1	6	-1	-1
442	11	6	0	6	-1	-1
442	56	16	4	3	-1	-1
441	1	2	0	1	-1	-1
441	1	2	0	3	-1	-1
441	1	54	0	1	-1	-1
441	29	0	0	0	-1	-1
441	1	2	0	0	-1	-1
441	10	7	0	1	-1	-1
441	35	49	0	0	-1	-1
441	1	3	4	3	-1	-1
441	1	15	0	1	-1	-1
441	1	15	0	3	-1	-1
440	7	17	5	-1	-1	-1
440	20	2	0	-1	-1	-1
440	4	17	0	-1	-1	-1
440	20	17	0	-1	-1	-1
440	20	19	0	-1	-1	-1
440	7	2	5	-1	-1	-1
440	7	15	5	-1	-1	-1
440	7	21	5	-1	-1	-1
440	4	2	0	-1	-1	-1
440	4	19	5	-1	-1	-1
447	1	0	-1	-1	-1	-1
447	17	0	-1	-1	-1	-1
447	11	0	-1	-1	-1	-1
447	14	0	-1	-1	-1	-1
447	0	0	-1	-1	-1	-1
447	1	2	-1	-1	-1	-1
447	0	2	-1	-1	-1	-1
447	2	0	-1	-1	-1	-1
447	11	2	-1	-1	-1	-1
447	17	2	-1	-1	-1	-1
446	4	0	0	7	-1	-1
446	12	0	0	7	-1	-1
446	4	0	0	2	-1	-1
446	4	0	0	1	-1	-1
446	8	0	0	1	-1	-1
446	4	0	2	7	-1	-1
446	8	0	9	7	-1	-1
446	67	22	5	25	-1	-1
446	4	0	5	1	-1	-1
446	4	0	9	1	-1	-1
445	4	0	0	-1	-1	-1
445	4	1	5	-1	-1	-1
445	15	0	0	-1	-1	-1
445	1	1	5	-1	-1	-1
445	1	1	4	-1	-1	-1
445	4	1	4	-1	-1	-1
445	1	3	4	-1	-1	-1
445	3	0	2	-1	-1	-1
445	4	3	5	-1	-1	-1
445	4	0	5	-1	-1	-1
444	0	0	0	-1	-1	-1
444	0	3	0	-1	-1	-1
444	0	0	3	-1	-1	-1
444	0	0	1	-1	-1	-1
444	0	0	2	-1	-1	-1
444	2	0	0	-1	-1	-1
444	2	0	3	-1	-1	-1
444	7	0	0	-1	-1	-1
444	0	0	7	-1	-1	-1
444	8	0	0	-1	-1	-1
108	2	1	2	-1	-1	-1
108	2	1	1	-1	-1	-1
108	3	1	2	-1	-1	-1
108	2	1	0	-1	-1	-1
108	6	1	1	-1	-1	-1
108	2	4	2	-1	-1	-1
108	3	6	2	-1	-1	-1
108	2	1	11	-1	-1	-1
108	3	1	1	-1	-1	-1
108	3	1	11	-1	-1	-1
109	0	0	1	-1	-1	-1
109	0	1	1	-1	-1	-1
109	1	0	1	-1	-1	-1
109	0	0	2	-1	-1	-1
109	0	0	0	-1	-1	-1
109	1	0	2	-1	-1	-1
109	0	1	0	-1	-1	-1
109	0	7	2	-1	-1	-1
109	1	4	0	-1	-1	-1
109	1	1	1	-1	-1	-1
102	13	0	-1	-1	-1	-1
102	3	0	-1	-1	-1	-1
102	6	0	-1	-1	-1	-1
102	8	0	-1	-1	-1	-1
102	1	0	-1	-1	-1	-1
102	3	1	-1	-1	-1	-1
102	11	4	-1	-1	-1	-1
102	12	0	-1	-1	-1	-1
102	11	0	-1	-1	-1	-1
102	6	1	-1	-1	-1	-1
103	5	11	-1	-1	-1	-1
103	5	22	-1	-1	-1	-1
103	5	3	-1	-1	-1	-1
103	5	7	-1	-1	-1	-1
103	12	7	-1	-1	-1	-1
103	8	12	-1	-1	-1	-1
103	5	23	-1	-1	-1	-1
103	2	11	-1	-1	-1	-1
103	5	28	-1	-1	-1	-1
103	2	52	-1	-1	-1	-1
100	2	0	0	1	-1	-1
100	2	1	0	1	-1	-1
100	4	0	0	1	-1	-1
100	2	5	0	1	-1	-1
100	2	0	0	0	-1	-1
100	2	2	0	1	-1	-1
100	1	4	0	1	-1	-1
100	2	2	0	0	-1	-1
100	2	1	0	3	-1	-1
100	5	0	0	1	-1	-1
101	3	3	-1	-1	-1	-1
101	4	3	-1	-1	-1	-1
101	10	3	-1	-1	-1	-1
101	1	3	-1	-1	-1	-1
101	3	1	-1	-1	-1	-1
101	4	0	-1	-1	-1	-1
101	4	1	-1	-1	-1	-1
101	11	3	-1	-1	-1	-1
101	6	3	-1	-1	-1	-1
101	10	0	-1	-1	-1	-1
106	2	1	2	4	-1	-1
106	2	1	2	5	-1	-1
106	9	2	0	3	-1	-1
106	2	1	0	5	-1	-1
106	6	1	2	5	-1	-1
106	2	5	0	6	-1	-1
106	2	5	0	5	-1	-1
106	9	6	0	16	-1	-1
106	3	2	0	4	-1	-1
106	20	17	10	10	-1	-1
107	30	2	19	1	-1	-1
107	38	2	0	1	-1	-1
107	30	2	0	1	-1	-1
107	14	2	0	1	-1	-1
107	30	2	0	30	-1	-1
107	38	2	19	1	-1	-1
107	38	2	0	30	-1	-1
107	0	2	27	1	-1	-1
107	30	2	0	14	-1	-1
107	30	2	26	1	-1	-1
104	6	6	2	1	-1	-1
104	6	44	2	1	-1	-1
104	0	0	1	0	-1	-1
104	8	13	2	1	-1	-1
104	5	4	2	4	-1	-1
104	0	9	2	1	-1	-1
104	6	6	3	2	-1	-1
104	5	3	2	5	-1	-1
104	9	30	1	2	-1	-1
104	9	144	15	0	-1	-1
105	0	5	6	4	-1	-1
105	0	8	10	7	-1	-1
105	0	21	18	20	-1	-1
105	0	15	14	23	-1	-1
105	7	4	6	4	-1	-1
105	0	9	10	7	-1	-1
105	1	5	6	4	-1	-1
105	7	9	10	4	-1	-1
105	20	4	6	12	-1	-1
105	6	17	1	24	-1	-1
39	4	0	2	8	2	-1
39	2	1	5	3	5	-1
39	0	0	2	8	2	-1
39	2	1	2	3	5	-1
39	2	0	2	3	7	-1
39	2	1	5	3	6	-1
39	2	1	5	3	2	-1
39	2	1	2	3	6	-1
39	2	1	2	3	4	-1
39	2	1	2	3	11	-1
38	4	3	1	-1	-1	-1
38	2	3	1	-1	-1	-1
38	2	3	0	-1	-1	-1
38	2	3	2	-1	-1	-1
38	4	3	2	-1	-1	-1
38	0	3	0	-1	-1	-1
38	0	3	2	-1	-1	-1
38	4	3	0	-1	-1	-1
38	4	3	8	-1	-1	-1
38	0	3	1	-1	-1	-1
33	0	2	1	-1	-1	-1
33	0	0	1	-1	-1	-1
33	0	2	0	-1	-1	-1
33	0	1	1	-1	-1	-1
33	0	0	0	-1	-1	-1
33	0	1	0	-1	-1	-1
33	0	4	0	-1	-1	-1
33	0	3	1	-1	-1	-1
33	0	4	1	-1	-1	-1
33	2	2	0	-1	-1	-1
32	17	0	-1	-1	-1	-1
32	17	1	-1	-1	-1	-1
32	7	0	-1	-1	-1	-1
32	19	21	-1	-1	-1	-1
32	6	0	-1	-1	-1	-1
32	17	21	-1	-1	-1	-1
32	0	16	-1	-1	-1	-1
32	4	36	-1	-1	-1	-1
32	7	1	-1	-1	-1	-1
32	0	1	-1	-1	-1	-1
31	0	23	0	15	-1	-1
31	3	0	1	6	-1	-1
31	3	38	5	5	-1	-1
31	3	0	13	3	-1	-1
31	7	0	1	6	-1	-1
31	7	3	1	8	-1	-1
31	1	0	4	0	-1	-1
31	0	0	15	5	-1	-1
31	1	3	0	3	-1	-1
31	9	3	36	12	-1	-1
30	7	6	1	-1	-1	-1
30	7	0	1	-1	-1	-1
30	7	6	7	-1	-1	-1
30	0	6	1	-1	-1	-1
30	0	0	7	-1	-1	-1
30	7	36	1	-1	-1	-1
30	7	0	7	-1	-1	-1
30	0	0	1	-1	-1	-1
30	2	0	7	-1	-1	-1
30	8	0	1	-1	-1	-1
37	2	0	0	-1	-1	-1
37	0	0	0	-1	-1	-1
37	0	1	0	-1	-1	-1
37	1	3	1	-1	-1	-1
37	4	3	1	-1	-1	-1
37	2	0	3	-1	-1	-1
37	2	1	0	-1	-1	-1
37	1	0	0	-1	-1	-1
37	8	3	1	-1	-1	-1
37	0	0	3	-1	-1	-1
36	30	1	0	1	-1	-1
36	7	1	0	0	-1	-1
36	43	1	0	1	-1	-1
36	2	9	0	0	-1	-1
36	30	1	11	1	-1	-1
36	2	1	0	1	-1	-1
36	29	1	0	1	-1	-1
36	7	2	0	0	-1	-1
36	7	1	0	1	-1	-1
36	7	1	0	12	-1	-1
35	8	6	-1	-1	-1	-1
35	3	6	-1	-1	-1	-1
35	0	6	-1	-1	-1	-1
35	4	4	-1	-1	-1	-1
35	7	6	-1	-1	-1	-1
35	56	30	-1	-1	-1	-1
35	57	30	-1	-1	-1	-1
35	17	6	-1	-1	-1	-1
35	19	11	-1	-1	-1	-1
35	22	6	-1	-1	-1	-1
34	2	0	-1	-1	-1	-1
34	10	7	-1	-1	-1	-1
34	2	1	-1	-1	-1	-1
34	2	14	-1	-1	-1	-1
34	1	1	-1	-1	-1	-1
34	9	7	-1	-1	-1	-1
34	18	21	-1	-1	-1	-1
34	2	21	-1	-1	-1	-1
34	15	0	-1	-1	-1	-1
34	2	8	-1	-1	-1	-1
438	6	0	-1	-1	-1	-1
438	6	2	-1	-1	-1	-1
438	1	0	-1	-1	-1	-1
438	0	0	-1	-1	-1	-1
438	6	3	-1	-1	-1	-1
438	29	2	-1	-1	-1	-1
438	7	2	-1	-1	-1	-1
438	5	2	-1	-1	-1	-1
438	19	2	-1	-1	-1	-1
438	1	2	-1	-1	-1	-1
439	0	0	0	-1	-1	-1
439	2	3	2	-1	-1	-1
439	7	0	0	-1	-1	-1
439	2	15	6	-1	-1	-1
439	2	0	0	-1	-1	-1
439	7	2	6	-1	-1	-1
439	2	2	6	-1	-1	-1
439	7	2	0	-1	-1	-1
439	0	2	6	-1	-1	-1
439	7	9	5	-1	-1	-1
436	0	2	-1	-1	-1	-1
436	0	1	-1	-1	-1	-1
436	0	0	-1	-1	-1	-1
436	4	1	-1	-1	-1	-1
436	0	5	-1	-1	-1	-1
436	0	9	-1	-1	-1	-1
436	4	0	-1	-1	-1	-1
436	4	5	-1	-1	-1	-1
436	4	9	-1	-1	-1	-1
436	2	9	-1	-1	-1	-1
437	8	4	9	-1	-1	-1
437	7	30	7	-1	-1	-1
437	8	4	6	-1	-1	-1
437	7	30	1	-1	-1	-1
437	7	30	5	-1	-1	-1
437	8	4	0	-1	-1	-1
437	9	4	5	-1	-1	-1
437	8	4	7	-1	-1	-1
437	8	10	9	-1	-1	-1
437	8	4	5	-1	-1	-1
434	0	0	-1	-1	-1	-1
434	0	9	-1	-1	-1	-1
434	0	21	-1	-1	-1	-1
434	1	2	-1	-1	-1	-1
434	0	3	-1	-1	-1	-1
434	6	13	-1	-1	-1	-1
434	8	15	-1	-1	-1	-1
434	0	12	-1	-1	-1	-1
434	6	14	-1	-1	-1	-1
434	2	2	-1	-1	-1	-1
435	1	2	4	0	-1	-1
435	2	3	4	0	-1	-1
435	2	2	4	0	-1	-1
435	1	3	4	0	-1	-1
435	4	0	7	0	-1	-1
435	3	0	4	0	-1	-1
435	3	0	7	0	-1	-1
435	2	13	4	0	-1	-1
435	1	3	5	0	-1	-1
435	2	2	5	0	-1	-1
432	0	4	0	-1	-1	-1
432	17	4	0	-1	-1	-1
432	0	2	0	-1	-1	-1
432	2	4	0	-1	-1	-1
432	0	2	1	-1	-1	-1
432	2	2	0	-1	-1	-1
432	0	0	0	-1	-1	-1
432	5	4	0	-1	-1	-1
432	8	2	0	-1	-1	-1
432	9	4	0	-1	-1	-1
433	0	1	1	1	-1	-1
433	1	1	1	1	-1	-1
433	0	0	0	2	-1	-1
433	0	1	1	2	-1	-1
433	0	1	1	0	-1	-1
433	0	1	1	6	-1	-1
433	8	1	1	1	-1	-1
433	0	1	1	4	-1	-1
433	0	0	0	0	-1	-1
433	0	2	1	1	-1	-1
430	3	3	2	-1	-1	-1
430	4	4	4	-1	-1	-1
430	25	3	2	-1	-1	-1
430	3	3	1	-1	-1	-1
430	16	3	0	-1	-1	-1
430	4	3	1	-1	-1	-1
430	3	9	2	-1	-1	-1
430	21	3	2	-1	-1	-1
430	16	1	1	-1	-1	-1
430	10	5	2	-1	-1	-1
431	3	13	0	24	-1	-1
431	3	13	0	32	-1	-1
431	3	0	0	13	-1	-1
431	3	0	0	51	-1	-1
431	8	0	0	9	-1	-1
431	0	0	0	7	-1	-1
431	3	0	0	7	-1	-1
431	3	30	0	0	-1	-1
431	8	0	0	7	-1	-1
431	6	30	0	2	-1	-1
339	17	0	0	0	-1	-1
339	0	0	0	0	-1	-1
339	0	0	2	0	-1	-1
339	19	0	4	0	-1	-1
339	19	0	0	0	-1	-1
339	17	0	10	0	-1	-1
339	17	0	3	0	-1	-1
339	17	4	0	0	-1	-1
339	15	0	2	0	-1	-1
339	23	0	4	0	-1	-1
338	0	9	0	-1	-1	-1
338	4	3	0	-1	-1	-1
338	0	9	7	-1	-1	-1
338	6	9	0	-1	-1	-1
338	1	3	0	-1	-1	-1
338	1	3	7	-1	-1	-1
338	4	2	0	-1	-1	-1
338	0	3	0	-1	-1	-1
338	1	4	1	-1	-1	-1
338	0	2	0	-1	-1	-1
335	1	0	6	0	-1	-1
335	1	0	1	0	-1	-1
335	1	0	3	0	-1	-1
335	1	0	7	0	-1	-1
335	10	8	1	3	-1	-1
335	1	0	20	0	-1	-1
335	1	0	5	0	-1	-1
335	10	0	1	0	-1	-1
335	0	0	0	0	-1	-1
335	1	43	5	0	-1	-1
334	8	9	0	-1	-1	-1
334	8	12	0	-1	-1	-1
334	7	9	0	-1	-1	-1
334	18	2	1	-1	-1	-1
334	21	2	1	-1	-1	-1
334	22	2	0	-1	-1	-1
334	8	2	0	-1	-1	-1
334	5	2	1	-1	-1	-1
334	8	12	3	-1	-1	-1
334	21	1	1	-1	-1	-1
337	1	6	11	-1	-1	-1
337	4	7	6	-1	-1	-1
337	1	6	0	-1	-1	-1
337	21	6	0	-1	-1	-1
337	6	6	0	-1	-1	-1
337	24	12	0	-1	-1	-1
337	4	7	7	-1	-1	-1
337	1	6	17	-1	-1	-1
337	1	7	6	-1	-1	-1
337	3	4	19	-1	-1	-1
336	0	1	0	2	-1	-1
336	0	1	0	9	-1	-1
336	0	1	3	2	-1	-1
336	0	2	0	9	-1	-1
336	3	2	0	0	-1	-1
336	0	7	3	2	-1	-1
336	0	7	0	14	-1	-1
336	13	1	0	2	-1	-1
336	2	1	0	5	-1	-1
336	0	1	3	8	-1	-1
331	0	3	9	4	-1	-1
331	2	0	3	13	-1	-1
331	2	0	3	9	-1	-1
331	2	2	2	0	-1	-1
331	2	2	2	12	-1	-1
331	2	0	18	9	-1	-1
331	2	0	3	4	-1	-1
331	2	4	2	0	-1	-1
331	2	15	14	4	-1	-1
331	2	0	56	4	-1	-1
330	10	2	0	10	1	-1
330	10	2	0	10	2	-1
330	10	2	2	12	1	-1
330	31	21	5	10	1	-1
330	10	2	1	10	1	-1
330	10	2	7	10	2	-1
330	31	21	12	21	16	-1
330	86	2	0	12	0	-1
330	10	2	7	10	1	-1
330	10	2	0	12	1	-1
333	9	8	4	0	-1	-1
333	2	8	13	0	-1	-1
333	1	8	3	0	-1	-1
333	1	8	13	0	-1	-1
333	9	8	13	0	-1	-1
333	1	5	4	0	-1	-1
333	4	4	3	0	-1	-1
333	5	10	4	0	-1	-1
333	0	8	3	0	-1	-1
333	4	8	3	0	-1	-1
332	12	0	11	-1	-1	-1
332	1	0	11	-1	-1	-1
332	0	0	11	-1	-1	-1
332	1	0	3	-1	-1	-1
332	4	0	2	-1	-1	-1
332	39	0	11	-1	-1	-1
332	1	8	11	-1	-1	-1
332	12	0	3	-1	-1	-1
332	1	6	3	-1	-1	-1
332	4	0	11	-1	-1	-1
0	17	3	1	13	1	-1
0	61	9	1	16	1	-1
0	61	4	1	16	1	-1
0	4	0	1	13	2	-1
0	19	3	1	13	1	-1
0	17	0	1	13	1	-1
0	4	1	6	42	2	-1
0	17	0	1	13	2	-1
0	9	0	4	11	1	-1
0	4	0	1	15	2	-1
6	0	0	0	-1	-1	-1
6	3	0	0	-1	-1	-1
6	9	0	0	-1	-1	-1
6	3	0	1	-1	-1	-1
6	9	0	1	-1	-1	-1
6	3	0	7	-1	-1	-1
6	11	0	0	-1	-1	-1
6	11	0	7	-1	-1	-1
6	3	7	1	-1	-1	-1
6	42	0	0	-1	-1	-1
99	1	7	-1	-1	-1	-1
99	1	5	-1	-1	-1	-1
99	1	8	-1	-1	-1	-1
99	2	7	-1	-1	-1	-1
99	2	8	-1	-1	-1	-1
99	29	7	-1	-1	-1	-1
99	2	5	-1	-1	-1	-1
99	1	0	-1	-1	-1	-1
99	22	5	-1	-1	-1	-1
99	1	3	-1	-1	-1	-1
98	0	4	9	4	-1	-1
98	1	25	12	19	-1	-1
98	0	11	9	4	-1	-1
98	14	25	12	19	-1	-1
98	0	4	54	4	-1	-1
98	14	42	12	5	-1	-1
98	28	20	12	19	-1	-1
98	8	13	12	11	-1	-1
98	33	29	30	4	-1	-1
98	3	29	30	4	-1	-1
91	0	0	0	3	-1	-1
91	0	5	0	3	-1	-1
91	0	7	6	3	-1	-1
91	0	0	1	3	-1	-1
91	0	5	3	3	-1	-1
91	0	0	2	3	-1	-1
91	0	7	1	3	-1	-1
91	0	10	6	3	-1	-1
91	0	10	0	3	-1	-1
91	28	10	0	26	-1	-1
90	5	0	6	0	-1	-1
90	4	0	6	0	-1	-1
90	6	0	6	0	-1	-1
90	5	0	6	4	-1	-1
90	5	5	6	4	-1	-1
90	4	0	6	4	-1	-1
90	44	0	6	0	-1	-1
90	4	2	6	0	-1	-1
90	4	0	17	0	-1	-1
90	6	5	6	4	-1	-1
93	1	0	13	2	-1	-1
93	1	0	0	2	-1	-1
93	1	13	13	11	-1	-1
93	1	3	13	2	-1	-1
93	1	3	21	11	-1	-1
93	1	3	13	11	-1	-1
93	1	37	20	2	-1	-1
93	1	0	11	2	-1	-1
93	1	3	11	2	-1	-1
93	1	3	13	7	-1	-1
92	3	21	4	10	-1	-1
92	16	3	4	2	-1	-1
92	3	39	4	2	-1	-1
92	0	0	2	0	-1	-1
92	16	11	4	5	-1	-1
92	4	3	4	0	-1	-1
92	3	11	4	5	-1	-1
92	3	19	4	10	-1	-1
92	7	7	8	2	-1	-1
92	30	21	4	10	-1	-1
95	0	0	-1	-1	-1	-1
95	3	8	-1	-1	-1	-1
95	2	8	-1	-1	-1	-1
95	3	20	-1	-1	-1	-1
95	7	8	-1	-1	-1	-1
95	3	0	-1	-1	-1	-1
95	7	34	-1	-1	-1	-1
95	1	8	-1	-1	-1	-1
95	3	34	-1	-1	-1	-1
95	3	16	-1	-1	-1	-1
94	3	0	-1	-1	-1	-1
94	6	0	-1	-1	-1	-1
94	4	0	-1	-1	-1	-1
94	8	11	-1	-1	-1	-1
94	0	6	-1	-1	-1	-1
94	73	23	-1	-1	-1	-1
94	9	5	-1	-1	-1	-1
94	65	11	-1	-1	-1	-1
94	4	5	-1	-1	-1	-1
94	2	0	-1	-1	-1	-1
97	0	4	3	2	-1	-1
97	3	4	3	2	-1	-1
97	4	4	3	2	-1	-1
97	0	1	3	2	-1	-1
97	0	1	4	3	-1	-1
97	0	3	2	2	-1	-1
97	3	1	3	2	-1	-1
97	3	9	4	3	-1	-1
97	12	4	3	2	-1	-1
97	0	1	3	3	-1	-1
96	3	0	-1	-1	-1	-1
96	3	4	-1	-1	-1	-1
96	2	0	-1	-1	-1	-1
96	2	4	-1	-1	-1	-1
96	15	0	-1	-1	-1	-1
96	8	4	-1	-1	-1	-1
96	12	0	-1	-1	-1	-1
96	2	18	-1	-1	-1	-1
96	47	0	-1	-1	-1	-1
96	3	2	-1	-1	-1	-1
238	0	1	0	1	-1	-1
238	0	1	3	1	-1	-1
238	0	1	4	1	-1	-1
238	0	12	0	1	-1	-1
238	1	1	3	1	-1	-1
238	20	12	2	3	-1	-1
238	0	1	10	3	-1	-1
238	13	1	13	4	-1	-1
238	8	1	0	1	-1	-1
238	0	1	3	3	-1	-1
239	23	3	77	0	5	-1
239	23	3	16	8	3	-1
239	38	3	38	6	22	-1
239	157	3	16	10	11	-1
239	9	3	9	0	5	-1
239	23	3	16	0	33	-1
239	21	35	51	10	21	-1
239	23	3	16	24	5	-1
239	9	3	78	0	36	-1
239	23	3	16	8	33	-1
234	3	5	6	-1	-1	-1
234	0	0	0	-1	-1	-1
234	24	5	8	-1	-1	-1
234	18	0	2	-1	-1	-1
234	2	0	2	-1	-1	-1
234	6	0	4	-1	-1	-1
234	2	5	2	-1	-1	-1
234	3	5	2	-1	-1	-1
234	4	0	2	-1	-1	-1
234	7	5	2	-1	-1	-1
235	0	0	1	1	5	-1
235	5	0	0	1	0	-1
235	0	0	0	1	5	-1
235	0	0	0	1	0	-1
235	0	0	3	1	5	-1
235	5	0	0	0	0	-1
235	0	7	0	1	5	-1
235	0	3	3	1	5	-1
235	0	0	3	0	5	-1
235	15	1	0	1	5	-1
236	0	7	0	4	-1	-1
236	2	1	0	0	-1	-1
236	0	9	0	4	-1	-1
236	0	7	0	0	-1	-1
236	0	1	0	4	-1	-1
236	0	9	0	0	-1	-1
236	0	8	0	4	-1	-1
236	0	8	0	0	-1	-1
236	2	0	0	0	-1	-1
236	0	7	9	4	-1	-1
237	25	7	30	2	1	-1
237	25	7	30	8	7	-1
237	17	18	9	2	21	-1
237	10	7	0	2	1	-1
237	86	7	28	18	22	-1
237	25	7	30	21	1	-1
237	25	7	30	8	1	-1
237	6	0	20	21	21	-1
237	10	7	4	2	1	-1
237	86	7	28	18	38	-1
230	1	2	0	0	-1	-1
230	1	2	0	1	-1	-1
230	3	3	0	2	-1	-1
230	2	2	0	5	-1	-1
230	1	2	0	5	-1	-1
230	3	2	0	2	-1	-1
230	2	2	0	2	-1	-1
230	1	1	0	0	-1	-1
230	1	2	0	2	-1	-1
230	1	1	0	1	-1	-1
231	0	2	7	3	-1	-1
231	0	3	7	0	-1	-1
231	0	3	7	3	-1	-1
231	0	8	7	0	-1	-1
231	0	2	5	3	-1	-1
231	0	8	7	3	-1	-1
231	0	2	13	0	-1	-1
231	0	21	35	3	-1	-1
231	0	2	13	3	-1	-1
231	0	30	7	3	-1	-1
232	8	8	1	6	21	-1
232	2	2	1	0	2	-1
232	2	2	1	0	0	-1
232	8	8	1	6	53	-1
232	8	8	1	0	15	-1
232	8	8	1	6	15	-1
232	3	3	1	0	2	-1
232	9	9	1	0	15	-1
232	2	2	1	10	2	-1
232	3	3	1	1	5	-1
233	2	4	1	-1	-1	-1
233	7	4	2	-1	-1	-1
233	7	2	2	-1	-1	-1
233	2	4	5	-1	-1	-1
233	7	14	2	-1	-1	-1
233	2	0	1	-1	-1	-1
233	7	5	2	-1	-1	-1
233	2	4	2	-1	-1	-1
233	7	14	0	-1	-1	-1
233	7	4	5	-1	-1	-1
1	8	11	5	-1	-1	-1
1	39	16	5	-1	-1	-1
1	4	5	1	-1	-1	-1
1	8	10	1	-1	-1	-1
1	10	1	1	-1	-1	-1
1	39	1	1	-1	-1	-1
1	10	1	5	-1	-1	-1
1	10	23	1	-1	-1	-1
1	39	25	5	-1	-1	-1
1	2	5	3	-1	-1	-1
146	17	2	0	-1	-1	-1
146	17	18	0	-1	-1	-1
146	8	2	0	-1	-1	-1
146	8	6	0	-1	-1	-1
146	0	20	0	-1	-1	-1
146	0	17	0	-1	-1	-1
146	0	0	0	-1	-1	-1
146	0	16	0	-1	-1	-1
146	0	6	1	-1	-1	-1
146	17	27	0	-1	-1	-1
147	6	0	1	1	-1	-1
147	18	0	1	1	-1	-1
147	4	0	1	1	-1	-1
147	4	1	1	1	-1	-1
147	6	1	1	1	-1	-1
147	6	0	0	0	-1	-1
147	18	0	0	1	-1	-1
147	28	0	1	1	-1	-1
147	18	1	1	1	-1	-1
147	6	0	0	1	-1	-1
144	4	0	0	0	-1	-1
144	11	10	9	9	-1	-1
144	19	0	0	0	-1	-1
144	4	16	11	0	-1	-1
144	4	2	0	0	-1	-1
144	17	2	1	0	-1	-1
144	45	0	5	22	-1	-1
144	6	2	5	12	-1	-1
144	4	0	5	0	-1	-1
144	4	2	0	1	-1	-1
145	4	0	0	-1	-1	-1
145	4	3	0	-1	-1	-1
145	4	4	0	-1	-1	-1
145	4	3	4	-1	-1	-1
145	2	4	0	-1	-1	-1
145	4	11	0	-1	-1	-1
145	5	4	0	-1	-1	-1
145	5	4	4	-1	-1	-1
145	5	0	0	-1	-1	-1
145	2	15	0	-1	-1	-1
142	0	0	0	0	-1	-1
142	16	0	0	0	-1	-1
142	1	0	0	0	-1	-1
142	3	2	0	0	-1	-1
142	3	2	1	1	-1	-1
142	4	2	1	0	-1	-1
142	3	2	2	1	-1	-1
142	9	0	0	0	-1	-1
142	31	0	0	0	-1	-1
142	0	2	0	0	-1	-1
143	3	2	2	-1	-1	-1
143	4	2	2	-1	-1	-1
143	3	3	3	-1	-1	-1
143	4	3	3	-1	-1	-1
143	3	2	3	-1	-1	-1
143	11	2	5	-1	-1	-1
143	5	2	2	-1	-1	-1
143	4	2	3	-1	-1	-1
143	7	2	1	-1	-1	-1
143	4	14	2	-1	-1	-1
140	6	0	4	3	7	0
140	6	0	4	3	7	2
140	42	0	14	3	17	10
140	6	52	11	0	60	8
140	6	0	14	0	17	8
140	6	0	19	0	0	8
140	39	0	2	1	17	2
140	39	0	15	23	87	26
140	2	0	3	1	5	3
140	6	0	19	0	24	0
141	5	7	8	-1	-1	-1
141	1	0	0	-1	-1	-1
141	2	4	4	-1	-1	-1
141	5	0	8	-1	-1	-1
141	18	7	0	-1	-1	-1
141	7	0	7	-1	-1	-1
141	7	7	0	-1	-1	-1
141	41	7	0	-1	-1	-1
141	1	7	0	-1	-1	-1
141	0	0	2	-1	-1	-1
148	10	3	0	3	-1	-1
148	11	1	0	3	-1	-1
148	1	3	0	6	-1	-1
148	10	3	0	0	-1	-1
148	19	3	0	0	-1	-1
148	1	3	0	0	-1	-1
148	0	3	0	3	-1	-1
148	42	24	0	14	-1	-1
148	10	15	0	0	-1	-1
148	1	3	0	3	-1	-1
149	10	0	3	2	5	-1
149	1	0	3	2	5	-1
149	10	5	3	2	6	-1
149	1	3	3	2	28	-1
149	10	0	3	2	3	-1
149	11	0	3	3	5	-1
149	22	0	3	6	4	-1
149	22	0	0	2	2	-1
149	11	3	3	3	10	-1
149	1	0	3	2	2	-1
133	3	4	3	0	-1	-1
133	3	0	3	0	-1	-1
133	3	4	3	3	-1	-1
133	42	1	3	0	-1	-1
133	3	2	3	3	-1	-1
133	27	1	12	3	-1	-1
133	20	7	3	3	-1	-1
133	42	1	21	0	-1	-1
133	35	9	3	3	-1	-1
133	3	0	3	3	-1	-1
132	3	13	1	-1	-1	-1
132	1	0	1	-1	-1	-1
132	1	0	0	-1	-1	-1
132	23	6	1	-1	-1	-1
132	3	8	1	-1	-1	-1
132	3	13	8	-1	-1	-1
132	1	52	0	-1	-1	-1
132	3	8	2	-1	-1	-1
132	23	6	18	-1	-1	-1
132	74	75	1	-1	-1	-1
131	2	2	4	2	-1	-1
131	2	2	3	2	-1	-1
131	2	12	4	2	-1	-1
131	0	0	1	0	-1	-1
131	1	18	1	28	-1	-1
131	0	0	22	0	-1	-1
131	2	2	2	2	-1	-1
131	2	2	13	2	-1	-1
131	2	2	5	2	-1	-1
131	2	12	4	7	-1	-1
130	0	0	1	0	-1	-1
130	0	0	3	0	-1	-1
130	0	0	4	0	-1	-1
130	0	0	0	0	-1	-1
130	0	0	2	0	-1	-1
130	0	0	4	5	-1	-1
130	0	4	4	0	-1	-1
130	0	0	1	2	-1	-1
130	0	0	7	0	-1	-1
130	0	0	38	0	-1	-1
498	12	4	25	0	-1	-1
498	40	4	25	0	-1	-1
498	7	4	15	3	-1	-1
498	104	5	27	0	-1	-1
498	7	4	12	3	-1	-1
498	103	4	18	0	-1	-1
498	21	4	25	0	-1	-1
498	13	3	14	8	-1	-1
498	80	3	66	3	-1	-1
498	41	32	19	3	-1	-1
136	0	0	1	5	-1	-1
136	0	0	1	3	-1	-1
136	2	1	11	5	-1	-1
136	1	0	5	3	-1	-1
136	0	0	5	5	-1	-1
136	17	0	5	3	-1	-1
136	1	0	0	3	-1	-1
136	2	1	0	5	-1	-1
136	0	0	2	3	-1	-1
136	3	0	3	3	-1	-1
135	36	2	2	0	8	-1
135	45	2	2	0	8	-1
135	7	2	2	0	2	-1
135	8	2	2	0	8	-1
135	127	0	2	0	8	-1
135	37	2	2	0	8	-1
135	65	2	2	0	8	-1
135	45	2	2	0	10	-1
135	15	2	2	0	10	-1
135	152	2	2	0	8	-1
134	3	3	3	1	-1	-1
134	12	3	3	1	-1	-1
134	1	5	3	0	-1	-1
134	14	5	3	0	-1	-1
134	21	3	2	1	-1	-1
134	17	5	1	5	-1	-1
134	14	5	2	0	-1	-1
134	3	3	4	1	-1	-1
134	1	5	14	5	-1	-1
134	1	5	13	0	-1	-1
494	2	1	-1	-1	-1	-1
494	1	1	-1	-1	-1	-1
494	10	1	-1	-1	-1	-1
494	0	1	-1	-1	-1	-1
494	3	1	-1	-1	-1	-1
494	3	3	-1	-1	-1	-1
494	5	1	-1	-1	-1	-1
494	7	1	-1	-1	-1	-1
494	2	3	-1	-1	-1	-1
494	10	3	-1	-1	-1	-1
495	0	2	2	-1	-1	-1
495	0	0	0	-1	-1	-1
495	0	1	0	-1	-1	-1
495	0	2	0	-1	-1	-1
495	0	2	8	-1	-1	-1
495	0	1	2	-1	-1	-1
495	0	8	2	-1	-1	-1
495	0	2	5	-1	-1	-1
495	0	0	2	-1	-1	-1
495	0	7	2	-1	-1	-1
139	3	5	18	3	-1	-1
139	4	2	2	3	-1	-1
139	3	5	18	14	-1	-1
139	2	2	2	3	-1	-1
139	4	5	18	14	-1	-1
139	26	0	0	31	-1	-1
139	3	2	2	3	-1	-1
139	3	0	0	14	-1	-1
139	4	34	2	3	-1	-1
139	7	1	18	31	-1	-1
497	9	39	5	-1	-1	-1
497	9	39	0	-1	-1	-1
497	4	1	0	-1	-1	-1
497	22	29	0	-1	-1	-1
497	9	39	11	-1	-1	-1
497	9	0	5	-1	-1	-1
497	4	1	11	-1	-1	-1
497	9	42	5	-1	-1	-1
497	9	83	5	-1	-1	-1
497	2	1	5	-1	-1	-1
490	0	2	12	0	-1	-1
490	0	0	23	0	-1	-1
490	0	0	0	0	-1	-1
490	3	0	4	1	-1	-1
490	1	0	4	1	-1	-1
490	0	0	1	1	-1	-1
490	0	0	4	1	-1	-1
490	0	2	0	0	-1	-1
490	13	0	0	0	-1	-1
490	0	0	1	0	-1	-1
491	0	0	-1	-1	-1	-1
491	3	0	-1	-1	-1	-1
491	1	0	-1	-1	-1	-1
491	5	0	-1	-1	-1	-1
491	17	3	-1	-1	-1	-1
491	13	0	-1	-1	-1	-1
491	14	10	-1	-1	-1	-1
491	10	0	-1	-1	-1	-1
491	9	0	-1	-1	-1	-1
491	9	5	-1	-1	-1	-1
492	0	7	0	2	-1	-1
492	5	7	0	6	-1	-1
492	9	7	0	2	-1	-1
492	0	7	0	9	-1	-1
492	5	7	0	2	-1	-1
492	0	7	0	6	-1	-1
492	1	8	0	2	-1	-1
492	9	7	0	6	-1	-1
492	0	8	0	2	-1	-1
492	0	3	0	2	-1	-1
493	4	1	5	-1	-1	-1
493	3	6	5	-1	-1	-1
493	4	13	5	-1	-1	-1
493	3	13	5	-1	-1	-1
493	11	1	0	-1	-1	-1
493	3	6	0	-1	-1	-1
493	4	1	0	-1	-1	-1
493	0	1	0	-1	-1	-1
493	2	1	0	-1	-1	-1
493	2	1	5	-1	-1	-1
24	10	4	-1	-1	-1	-1
24	10	5	-1	-1	-1	-1
24	10	8	-1	-1	-1	-1
24	3	5	-1	-1	-1	-1
24	0	4	-1	-1	-1	-1
24	10	0	-1	-1	-1	-1
24	1	5	-1	-1	-1	-1
24	0	0	-1	-1	-1	-1
24	3	4	-1	-1	-1	-1
24	10	15	-1	-1	-1	-1
25	3	3	5	-1	-1	-1
25	37	3	5	-1	-1	-1
25	2	3	5	-1	-1	-1
25	5	3	5	-1	-1	-1
25	3	3	15	-1	-1	-1
25	15	3	12	-1	-1	-1
25	2	3	1	-1	-1	-1
25	66	3	5	-1	-1	-1
25	2	3	0	-1	-1	-1
25	10	3	0	-1	-1	-1
26	5	1	8	5	-1	-1
26	5	0	8	5	-1	-1
26	0	0	0	0	-1	-1
26	5	8	8	5	-1	-1
26	5	3	8	5	-1	-1
26	0	0	0	28	-1	-1
26	0	1	0	0	-1	-1
26	6	0	9	6	-1	-1
26	5	0	5	5	-1	-1
26	5	5	8	5	-1	-1
27	1	1	-1	-1	-1	-1
27	1	4	-1	-1	-1	-1
27	0	1	-1	-1	-1	-1
27	5	4	-1	-1	-1	-1
27	0	4	-1	-1	-1	-1
27	0	6	-1	-1	-1	-1
27	7	1	-1	-1	-1	-1
27	0	0	-1	-1	-1	-1
27	7	4	-1	-1	-1	-1
27	1	10	-1	-1	-1	-1
20	0	0	0	-1	-1	-1
20	0	4	0	-1	-1	-1
20	3	0	0	-1	-1	-1
20	14	0	0	-1	-1	-1
20	0	18	0	-1	-1	-1
20	14	4	0	-1	-1	-1
20	0	10	2	-1	-1	-1
20	3	4	0	-1	-1	-1
20	0	13	0	-1	-1	-1
20	0	0	5	-1	-1	-1
21	2	3	0	2	1	-1
21	0	3	0	2	0	-1
21	0	3	0	0	0	-1
21	2	3	0	0	2	-1
21	0	0	0	0	0	-1
21	2	0	0	2	1	-1
21	0	0	0	0	5	-1
21	2	0	0	0	4	-1
21	0	0	0	2	4	-1
21	0	0	0	2	0	-1
22	0	0	0	0	-1	-1
22	1	5	0	1	-1	-1
22	0	0	0	3	-1	-1
22	0	1	0	0	-1	-1
22	0	2	0	0	-1	-1
22	1	0	0	1	-1	-1
22	1	0	0	0	-1	-1
22	0	1	0	3	-1	-1
22	1	1	0	0	-1	-1
22	1	2	0	0	-1	-1
23	2	0	-1	-1	-1	-1
23	5	4	-1	-1	-1	-1
23	2	4	-1	-1	-1	-1
23	5	0	-1	-1	-1	-1
23	7	4	-1	-1	-1	-1
23	13	0	-1	-1	-1	-1
23	5	3	-1	-1	-1	-1
23	51	21	-1	-1	-1	-1
23	10	3	-1	-1	-1	-1
23	2	2	-1	-1	-1	-1
28	7	2	4	-1	-1	-1
28	11	2	8	-1	-1	-1
28	14	2	1	-1	-1	-1
28	23	2	14	-1	-1	-1
28	6	2	3	-1	-1	-1
28	15	2	8	-1	-1	-1
28	8	8	4	-1	-1	-1
28	3	2	1	-1	-1	-1
28	14	2	6	-1	-1	-1
28	1	2	3	-1	-1	-1
29	0	1	2	-1	-1	-1
29	0	1	1	-1	-1	-1
29	1	1	2	-1	-1	-1
29	1	3	2	-1	-1	-1
29	0	3	2	-1	-1	-1
29	0	0	2	-1	-1	-1
29	1	1	1	-1	-1	-1
29	0	3	1	-1	-1	-1
29	0	1	3	-1	-1	-1
29	1	1	12	-1	-1	-1
407	0	3	-1	-1	-1	-1
407	0	7	-1	-1	-1	-1
407	0	0	-1	-1	-1	-1
407	0	11	-1	-1	-1	-1
407	0	33	-1	-1	-1	-1
407	0	15	-1	-1	-1	-1
407	0	23	-1	-1	-1	-1
407	0	14	-1	-1	-1	-1
407	0	41	-1	-1	-1	-1
407	0	44	-1	-1	-1	-1
406	0	2	-1	-1	-1	-1
406	0	1	-1	-1	-1	-1
406	12	0	-1	-1	-1	-1
406	0	4	-1	-1	-1	-1
406	0	5	-1	-1	-1	-1
406	14	1	-1	-1	-1	-1
406	12	4	-1	-1	-1	-1
406	0	6	-1	-1	-1	-1
406	17	2	-1	-1	-1	-1
406	20	1	-1	-1	-1	-1
405	8	16	8	8	11	-1
405	8	16	15	8	10	-1
405	8	16	21	8	10	-1
405	8	16	8	8	5	-1
405	8	16	7	8	16	-1
405	8	16	8	8	10	-1
405	1	7	4	10	0	-1
405	8	16	7	8	13	-1
405	8	92	7	8	11	-1
405	8	13	7	8	13	-1
404	23	1	10	2	0	-1
404	9	54	9	2	11	-1
404	7	13	0	9	1	-1
404	7	4	2	3	12	-1
404	7	5	2	1	4	-1
404	7	14	2	9	12	-1
404	9	9	1	4	11	-1
404	23	1	0	2	0	-1
404	15	19	9	2	0	-1
404	9	9	3	4	1	-1
403	9	2	0	6	8	-1
403	10	0	0	9	8	-1
403	18	3	4	0	8	-1
403	10	16	0	9	8	-1
403	16	10	4	1	13	-1
403	53	9	14	1	26	-1
403	18	6	6	0	0	-1
403	1	3	4	0	8	-1
403	13	9	6	2	12	-1
403	0	0	0	0	0	-1
402	0	0	-1	-1	-1	-1
402	1	0	-1	-1	-1	-1
402	16	0	-1	-1	-1	-1
402	0	5	-1	-1	-1	-1
402	1	1	-1	-1	-1	-1
402	0	1	-1	-1	-1	-1
402	0	14	-1	-1	-1	-1
402	21	0	-1	-1	-1	-1
402	0	3	-1	-1	-1	-1
402	1	5	-1	-1	-1	-1
401	1	0	0	0	0	-1
401	0	0	0	0	0	-1
401	13	0	0	0	0	-1
401	7	61	19	0	0	-1
401	4	9	6	0	2	-1
401	4	2	12	0	2	-1
401	7	8	19	0	2	-1
401	6	62	13	0	0	-1
401	20	10	19	0	42	-1
401	4	23	11	0	2	-1
400	7	6	3	3	-1	-1
400	7	5	0	10	-1	-1
400	5	5	0	7	-1	-1
400	15	6	24	3	-1	-1
400	0	3	0	2	-1	-1
400	7	6	0	10	-1	-1
400	7	5	3	3	-1	-1
400	7	0	0	3	-1	-1
400	0	6	3	3	-1	-1
400	7	3	3	2	-1	-1
409	13	0	1	1	-1	-1
409	10	0	1	1	-1	-1
409	2	0	1	1	-1	-1
409	2	0	1	0	-1	-1
409	13	0	1	0	-1	-1
409	4	0	1	0	-1	-1
409	13	0	0	0	-1	-1
409	4	0	1	1	-1	-1
409	2	1	1	1	-1	-1
409	2	0	1	2	-1	-1
408	0	5	0	0	-1	-1
408	0	5	0	1	-1	-1
408	0	0	0	0	-1	-1
408	0	4	0	0	-1	-1
408	0	4	0	1	-1	-1
408	0	0	0	1	-1	-1
408	0	2	0	0	-1	-1
408	0	3	0	1	-1	-1
408	0	5	0	2	-1	-1
408	8	4	0	1	-1	-1
379	1	1	0	0	0	-1
379	1	10	11	9	0	-1
379	1	10	0	16	0	-1
379	1	17	18	16	0	-1
379	1	10	7	1	4	-1
379	1	10	7	12	0	-1
379	1	17	14	1	4	-1
379	3	16	1	3	1	-1
379	1	1	7	0	0	-1
379	1	56	5	13	4	-1
378	5	1	1	0	-1	-1
378	2	1	3	0	-1	-1
378	26	1	3	4	-1	-1
378	5	1	3	0	-1	-1
378	5	1	3	4	-1	-1
378	0	1	1	0	-1	-1
378	84	1	3	0	-1	-1
378	3	1	3	0	-1	-1
378	63	1	1	0	-1	-1
378	4	1	1	0	-1	-1
371	1	3	1	-1	-1	-1
371	1	0	1	-1	-1	-1
371	0	3	1	-1	-1	-1
371	1	7	1	-1	-1	-1
371	0	0	1	-1	-1	-1
371	1	8	1	-1	-1	-1
371	1	12	1	-1	-1	-1
371	17	8	4	-1	-1	-1
371	1	26	1	-1	-1	-1
371	21	16	4	-1	-1	-1
370	5	3	2	-1	-1	-1
370	5	3	0	-1	-1	-1
370	5	8	2	-1	-1	-1
370	5	17	2	-1	-1	-1
370	5	3	9	-1	-1	-1
370	2	3	0	-1	-1	-1
370	5	17	0	-1	-1	-1
370	5	8	0	-1	-1	-1
370	2	8	2	-1	-1	-1
370	0	0	20	-1	-1	-1
373	0	0	-1	-1	-1	-1
373	2	0	-1	-1	-1	-1
373	2	8	-1	-1	-1	-1
373	6	0	-1	-1	-1	-1
373	5	1	-1	-1	-1	-1
373	3	0	-1	-1	-1	-1
373	0	1	-1	-1	-1	-1
373	22	0	-1	-1	-1	-1
373	1	0	-1	-1	-1	-1
373	18	0	-1	-1	-1	-1
372	10	3	0	2	0	-1
372	2	3	0	0	0	-1
372	94	3	0	2	1	-1
372	16	3	0	0	0	-1
372	2	3	0	2	0	-1
372	78	3	0	2	1	-1
372	15	3	0	2	0	-1
372	16	3	0	2	0	-1
372	6	29	0	28	6	-1
372	2	3	0	2	1	-1
375	1	7	1	-1	-1	-1
375	1	7	4	-1	-1	-1
375	1	15	1	-1	-1	-1
375	1	3	4	-1	-1	-1
375	1	3	10	-1	-1	-1
375	1	7	10	-1	-1	-1
375	1	42	4	-1	-1	-1
375	1	14	8	-1	-1	-1
375	1	7	8	-1	-1	-1
375	1	9	4	-1	-1	-1
374	4	1	-1	-1	-1	-1
374	3	1	-1	-1	-1	-1
374	1	1	-1	-1	-1	-1
374	1	0	-1	-1	-1	-1
374	3	0	-1	-1	-1	-1
374	16	2	-1	-1	-1	-1
374	4	0	-1	-1	-1	-1
374	1	3	-1	-1	-1	-1
374	2	0	-1	-1	-1	-1
374	1	5	-1	-1	-1	-1
377	0	7	-1	-1	-1	-1
377	0	9	-1	-1	-1	-1
377	0	10	-1	-1	-1	-1
377	34	10	-1	-1	-1	-1
377	0	6	-1	-1	-1	-1
377	0	0	-1	-1	-1	-1
377	0	4	-1	-1	-1	-1
377	2	10	-1	-1	-1	-1
377	2	7	-1	-1	-1	-1
377	1	9	-1	-1	-1	-1
376	3	0	2	7	2	-1
376	3	3	1	7	0	-1
376	0	2	2	11	2	-1
376	3	3	1	3	0	-1
376	0	0	1	3	1	-1
376	1	3	1	3	0	-1
376	0	3	1	7	0	-1
376	3	3	1	3	1	-1
376	3	2	2	3	2	-1
376	3	7	2	22	2	-1
393	0	9	0	-1	-1	-1
393	0	12	0	-1	-1	-1
393	0	1	0	-1	-1	-1
393	0	8	0	-1	-1	-1
393	0	13	0	-1	-1	-1
393	0	0	0	-1	-1	-1
393	0	17	0	-1	-1	-1
393	12	1	12	-1	-1	-1
393	9	1	1	-1	-1	-1
393	0	28	0	-1	-1	-1
392	0	2	-1	-1	-1	-1
392	0	4	-1	-1	-1	-1
392	0	3	-1	-1	-1	-1
392	0	0	-1	-1	-1	-1
392	0	15	-1	-1	-1	-1
392	0	10	-1	-1	-1	-1
392	0	9	-1	-1	-1	-1
392	3	2	-1	-1	-1	-1
392	3	3	-1	-1	-1	-1
392	4	0	-1	-1	-1	-1
391	5	5	0	5	0	-1
391	0	8	0	0	0	-1
391	5	3	0	5	4	-1
391	5	5	0	5	4	-1
391	0	0	0	0	0	-1
391	5	3	0	14	4	-1
391	5	7	0	5	4	-1
391	5	17	0	5	4	-1
391	1	0	1	0	0	-1
391	0	1	0	2	17	-1
89	3	8	3	-1	-1	-1
89	3	8	6	-1	-1	-1
89	3	17	4	-1	-1	-1
89	3	6	4	-1	-1	-1
89	3	13	2	-1	-1	-1
89	15	8	6	-1	-1	-1
89	3	17	2	-1	-1	-1
89	0	0	6	-1	-1	-1
89	0	6	4	-1	-1	-1
89	3	8	15	-1	-1	-1
397	0	2	2	-1	-1	-1
397	0	0	2	-1	-1	-1
397	0	2	0	-1	-1	-1
397	0	2	6	-1	-1	-1
397	1	0	2	-1	-1	-1
397	0	2	4	-1	-1	-1
397	6	2	0	-1	-1	-1
397	6	2	2	-1	-1	-1
397	6	0	7	-1	-1	-1
397	7	0	2	-1	-1	-1
396	4	4	0	-1	-1	-1
396	4	3	0	-1	-1	-1
396	4	4	1	-1	-1	-1
396	3	1	0	-1	-1	-1
396	0	1	0	-1	-1	-1
396	7	10	0	-1	-1	-1
396	7	0	0	-1	-1	-1
396	4	1	0	-1	-1	-1
396	4	1	1	-1	-1	-1
396	7	1	0	-1	-1	-1
395	0	6	4	1	-1	-1
395	0	14	4	1	-1	-1
395	0	12	4	1	-1	-1
395	0	0	4	3	-1	-1
395	0	6	4	3	-1	-1
395	0	6	2	4	-1	-1
395	1	17	4	3	-1	-1
395	0	6	13	3	-1	-1
395	0	14	9	1	-1	-1
395	0	6	2	2	-1	-1
394	0	4	3	-1	-1	-1
394	0	0	2	-1	-1	-1
394	0	0	3	-1	-1	-1
394	0	2	3	-1	-1	-1
394	7	2	1	-1	-1	-1
394	0	7	3	-1	-1	-1
394	7	2	0	-1	-1	-1
394	5	6	3	-1	-1	-1
394	0	2	0	-1	-1	-1
394	0	11	3	-1	-1	-1
82	4	2	3	-1	-1	-1
82	4	22	3	-1	-1	-1
82	33	24	21	-1	-1	-1
82	3	2	11	-1	-1	-1
82	5	2	3	-1	-1	-1
82	5	22	3	-1	-1	-1
82	5	4	0	-1	-1	-1
82	5	13	1	-1	-1	-1
82	38	4	3	-1	-1	-1
82	24	24	1	-1	-1	-1
83	0	0	0	-1	-1	-1
83	0	4	0	-1	-1	-1
83	2	4	3	-1	-1	-1
83	0	30	3	-1	-1	-1
83	6	4	0	-1	-1	-1
83	0	3	3	-1	-1	-1
83	0	31	3	-1	-1	-1
83	0	31	0	-1	-1	-1
83	0	4	3	-1	-1	-1
83	2	31	0	-1	-1	-1
80	3	1	4	-1	-1	-1
80	3	3	4	-1	-1	-1
80	7	3	4	-1	-1	-1
80	0	1	4	-1	-1	-1
80	7	5	2	-1	-1	-1
80	3	3	2	-1	-1	-1
80	3	5	4	-1	-1	-1
80	0	1	2	-1	-1	-1
80	1	1	1	-1	-1	-1
80	7	3	2	-1	-1	-1
398	6	1	24	1	0	-1
398	1	10	13	1	0	-1
398	1	4	7	2	0	-1
398	1	1	24	1	0	-1
398	2	1	38	2	0	-1
398	57	1	0	6	4	-1
398	6	4	7	1	0	-1
398	4	13	25	1	0	-1
398	1	1	0	2	0	-1
398	6	1	0	1	0	-1
86	1	23	13	9	4	-1
86	1	3	0	0	4	-1
86	2	20	17	8	0	-1
86	1	3	31	9	4	-1
86	1	23	13	9	5	-1
86	2	6	15	9	0	-1
86	1	5	13	9	4	-1
86	2	3	6	26	4	-1
86	1	3	13	9	4	-1
86	2	6	15	9	1	-1
87	3	0	0	2	0	0
87	0	0	0	2	0	0
87	7	3	3	2	0	0
87	10	0	7	2	0	4
87	0	0	3	2	0	0
87	4	0	0	2	0	0
87	0	0	0	5	0	0
87	4	0	0	5	0	0
87	3	0	0	3	0	0
87	3	5	0	2	0	0
84	0	0	4	-1	-1	-1
84	9	0	0	-1	-1	-1
84	0	1	4	-1	-1	-1
84	10	0	4	-1	-1	-1
84	38	59	5	-1	-1	-1
84	10	0	0	-1	-1	-1
84	9	0	4	-1	-1	-1
84	0	0	0	-1	-1	-1
84	16	0	4	-1	-1	-1
84	9	5	16	-1	-1	-1
85	4	0	-1	-1	-1	-1
85	4	1	-1	-1	-1	-1
85	4	6	-1	-1	-1	-1
85	4	26	-1	-1	-1	-1
85	4	4	-1	-1	-1	-1
85	5	3	-1	-1	-1	-1
85	4	111	-1	-1	-1	-1
85	4	31	-1	-1	-1	-1
85	4	46	-1	-1	-1	-1
85	56	8	-1	-1	-1	-1
7	0	0	0	-1	-1	-1
7	0	7	0	-1	-1	-1
7	0	2	0	-1	-1	-1
7	3	9	0	-1	-1	-1
7	0	4	0	-1	-1	-1
7	0	9	0	-1	-1	-1
7	1	0	0	-1	-1	-1
7	0	5	0	-1	-1	-1
7	0	1	0	-1	-1	-1
7	0	4	2	-1	-1	-1
245	2	10	0	1	-1	-1
245	2	10	3	1	-1	-1
245	2	10	2	1	-1	-1
245	4	3	2	0	-1	-1
245	18	7	4	4	-1	-1
245	10	60	6	1	-1	-1
245	4	15	0	0	-1	-1
245	4	7	0	0	-1	-1
245	108	65	6	7	-1	-1
245	25	7	19	16	-1	-1
244	2	5	3	4	2	-1
244	0	16	0	2	1	-1
244	2	5	3	2	2	-1
244	0	16	0	1	1	-1
244	79	5	4	4	2	-1
244	0	21	3	1	14	-1
244	40	1	3	0	38	-1
244	0	5	3	2	3	-1
244	0	40	4	2	3	-1
244	0	16	2	4	9	-1
247	2	4	2	0	6	-1
247	1	4	2	1	4	-1
247	2	4	2	4	6	-1
247	2	2	1	0	2	-1
247	1	4	2	1	6	-1
247	2	2	1	0	4	-1
247	2	4	2	5	4	-1
247	1	1	1	1	1	-1
247	2	4	2	0	12	-1
247	2	4	2	0	4	-1
246	1	0	2	0	-1	-1
246	1	0	3	0	-1	-1
246	2	0	0	0	-1	-1
246	1	0	2	2	-1	-1
246	12	0	0	0	-1	-1
246	1	0	2	1	-1	-1
246	1	1	2	2	-1	-1
246	1	0	3	6	-1	-1
246	29	0	5	0	-1	-1
246	1	0	3	1	-1	-1
241	4	2	-1	-1	-1	-1
241	1	1	-1	-1	-1	-1
241	4	1	-1	-1	-1	-1
241	1	2	-1	-1	-1	-1
241	16	2	-1	-1	-1	-1
241	11	1	-1	-1	-1	-1
241	4	10	-1	-1	-1	-1
241	17	2	-1	-1	-1	-1
241	11	2	-1	-1	-1	-1
241	9	1	-1	-1	-1	-1
240	0	4	3	1	-1	-1
240	0	4	0	0	-1	-1
240	0	0	3	1	-1	-1
240	0	4	3	2	-1	-1
240	0	45	0	0	-1	-1
240	0	4	1	1	-1	-1
240	1	12	3	1	-1	-1
240	0	4	2	1	-1	-1
240	0	0	0	0	-1	-1
240	0	4	1	2	-1	-1
243	8	2	6	6	-1	-1
243	0	0	2	2	-1	-1
243	5	2	6	6	-1	-1
243	0	0	3	2	-1	-1
243	7	2	6	6	-1	-1
243	0	11	3	6	-1	-1
243	8	3	6	6	-1	-1
243	0	0	25	2	-1	-1
243	0	11	0	6	-1	-1
243	10	2	6	6	-1	-1
242	4	3	3	5	-1	-1
242	4	3	3	12	-1	-1
242	28	3	3	6	-1	-1
242	4	3	3	0	-1	-1
242	0	3	3	0	-1	-1
242	26	3	23	5	-1	-1
242	18	9	9	6	-1	-1
242	15	8	8	7	-1	-1
242	5	3	3	0	-1	-1
242	4	3	25	5	-1	-1
249	0	5	0	0	-1	-1
249	1	5	6	8	-1	-1
249	3	2	2	0	-1	-1
249	1	8	6	8	-1	-1
249	1	32	0	8	-1	-1
249	3	5	2	0	-1	-1
249	0	18	0	8	-1	-1
249	0	0	0	0	-1	-1
249	1	5	5	8	-1	-1
249	3	69	0	11	-1	-1
248	1	9	0	-1	-1	-1
248	1	9	4	-1	-1	-1
248	7	9	0	-1	-1	-1
248	10	9	0	-1	-1	-1
248	1	9	5	-1	-1	-1
248	1	9	6	-1	-1	-1
248	1	9	1	-1	-1	-1
248	11	9	0	-1	-1	-1
248	0	9	0	-1	-1	-1
248	1	15	0	-1	-1	-1
458	12	10	5	7	-1	-1
458	7	10	0	0	-1	-1
458	19	10	1	1	-1	-1
458	19	10	5	1	-1	-1
458	7	10	0	1	-1	-1
458	16	4	5	1	-1	-1
458	12	10	5	1	-1	-1
458	19	4	1	1	-1	-1
458	3	2	0	1	-1	-1
458	19	10	0	0	-1	-1
459	2	2	2	-1	-1	-1
459	4	4	10	-1	-1	-1
459	3	2	2	-1	-1	-1
459	6	4	4	-1	-1	-1
459	13	4	4	-1	-1	-1
459	6	4	10	-1	-1	-1
459	5	4	10	-1	-1	-1
459	4	4	4	-1	-1	-1
459	5	4	4	-1	-1	-1
459	82	4	4	-1	-1	-1
450	1	0	0	-1	-1	-1
450	1	0	1	-1	-1	-1
450	1	7	0	-1	-1	-1
450	3	0	1	-1	-1	-1
450	1	0	3	-1	-1	-1
450	2	7	0	-1	-1	-1
450	3	1	1	-1	-1	-1
450	2	0	0	-1	-1	-1
450	2	1	1	-1	-1	-1
450	2	0	1	-1	-1	-1
451	0	4	0	0	-1	-1
451	0	13	0	0	-1	-1
451	0	4	4	0	-1	-1
451	0	5	0	0	-1	-1
451	0	13	4	0	-1	-1
451	0	6	0	0	-1	-1
451	0	5	4	0	-1	-1
451	0	4	1	0	-1	-1
451	0	13	1	0	-1	-1
451	0	6	4	0	-1	-1
452	9	7	5	4	-1	-1
452	9	8	5	4	-1	-1
452	4	4	2	3	-1	-1
452	9	7	5	8	-1	-1
452	61	8	5	4	-1	-1
452	4	3	2	3	-1	-1
452	2	1	2	2	-1	-1
452	2	10	17	0	-1	-1
452	2	10	2	1	-1	-1
452	0	0	0	0	-1	-1
453	7	11	7	-1	-1	-1
453	7	11	0	-1	-1	-1
453	5	11	0	-1	-1	-1
453	0	11	0	-1	-1	-1
453	19	6	0	-1	-1	-1
453	11	11	0	-1	-1	-1
453	19	11	0	-1	-1	-1
453	7	4	7	-1	-1	-1
453	11	6	7	-1	-1	-1
453	15	11	0	-1	-1	-1
454	0	14	2	-1	-1	-1
454	5	7	9	-1	-1	-1
454	3	4	4	-1	-1	-1
454	0	14	15	-1	-1	-1
454	3	13	4	-1	-1	-1
454	11	12	11	-1	-1	-1
454	3	14	2	-1	-1	-1
454	3	14	15	-1	-1	-1
454	5	68	27	-1	-1	-1
454	2	14	2	-1	-1	-1
455	13	17	3	9	4	-1
455	13	8	3	9	4	-1
455	13	17	4	9	4	-1
455	13	12	3	9	4	-1
455	13	0	3	9	0	-1
455	13	17	4	11	4	-1
455	15	25	4	9	4	-1
455	13	17	3	9	0	-1
455	13	15	3	9	0	-1
455	3	0	1	1	0	-1
456	48	9	5	-1	-1	-1
456	18	8	4	-1	-1	-1
456	10	15	3	-1	-1	-1
456	18	9	4	-1	-1	-1
456	22	9	5	-1	-1	-1
456	1	0	0	-1	-1	-1
456	16	14	9	-1	-1	-1
456	22	29	46	-1	-1	-1
456	10	1	2	-1	-1	-1
456	57	35	21	-1	-1	-1
457	1	10	1	-1	-1	-1
457	1	8	1	-1	-1	-1
457	1	8	10	-1	-1	-1
457	1	15	1	-1	-1	-1
457	1	11	1	-1	-1	-1
457	1	10	10	-1	-1	-1
457	12	8	10	-1	-1	-1
457	1	11	9	-1	-1	-1
457	1	3	1	-1	-1	-1
457	1	11	0	-1	-1	-1
179	0	9	-1	-1	-1	-1
179	17	48	-1	-1	-1	-1
179	0	51	-1	-1	-1	-1
179	0	47	-1	-1	-1	-1
179	0	23	-1	-1	-1	-1
179	9	8	-1	-1	-1	-1
179	14	2	-1	-1	-1	-1
179	22	59	-1	-1	-1	-1
179	9	9	-1	-1	-1	-1
179	0	63	-1	-1	-1	-1
178	0	0	0	-1	-1	-1
178	2	0	0	-1	-1	-1
178	0	0	2	-1	-1	-1
178	5	0	0	-1	-1	-1
178	0	0	1	-1	-1	-1
178	5	0	1	-1	-1	-1
178	1	0	0	-1	-1	-1
178	0	0	4	-1	-1	-1
178	5	0	4	-1	-1	-1
178	0	0	6	-1	-1	-1
177	16	0	0	0	-1	-1
177	6	0	0	0	-1	-1
177	20	0	0	0	-1	-1
177	4	0	3	3	-1	-1
177	24	0	4	1	-1	-1
177	10	0	0	0	-1	-1
177	12	0	0	0	-1	-1
177	96	1	3	3	-1	-1
177	43	1	23	0	-1	-1
177	61	0	11	0	-1	-1
176	7	2	3	-1	-1	-1
176	7	2	6	-1	-1	-1
176	6	2	3	-1	-1	-1
176	7	2	1	-1	-1	-1
176	6	1	3	-1	-1	-1
176	2	2	3	-1	-1	-1
176	7	2	9	-1	-1	-1
176	6	2	12	-1	-1	-1
176	7	2	0	-1	-1	-1
176	6	2	2	-1	-1	-1
175	29	1	-1	-1	-1	-1
175	11	1	-1	-1	-1	-1
175	0	1	-1	-1	-1	-1
175	30	1	-1	-1	-1	-1
175	33	1	-1	-1	-1	-1
175	8	1	-1	-1	-1	-1
175	1	1	-1	-1	-1	-1
175	14	1	-1	-1	-1	-1
175	15	1	-1	-1	-1	-1
175	56	1	-1	-1	-1	-1
174	0	3	-1	-1	-1	-1
174	0	0	-1	-1	-1	-1
174	4	3	-1	-1	-1	-1
174	5	0	-1	-1	-1	-1
174	4	0	-1	-1	-1	-1
174	37	0	-1	-1	-1	-1
174	32	0	-1	-1	-1	-1
174	2	3	-1	-1	-1	-1
174	2	0	-1	-1	-1	-1
174	0	5	-1	-1	-1	-1
173	9	0	0	-1	-1	-1
173	9	0	2	-1	-1	-1
173	9	0	4	-1	-1	-1
173	9	2	0	-1	-1	-1
173	0	0	2	-1	-1	-1
173	1	0	4	-1	-1	-1
173	0	0	0	-1	-1	-1
173	9	2	7	-1	-1	-1
173	9	0	6	-1	-1	-1
173	1	2	7	-1	-1	-1
172	0	0	0	-1	-1	-1
172	1	0	0	-1	-1	-1
172	1	0	4	-1	-1	-1
172	0	0	1	-1	-1	-1
172	0	0	2	-1	-1	-1
172	1	0	2	-1	-1	-1
172	1	0	1	-1	-1	-1
172	0	8	0	-1	-1	-1
172	2	43	1	-1	-1	-1
172	1	0	13	-1	-1	-1
171	2	1	2	2	-1	-1
171	2	1	2	1	-1	-1
171	2	1	0	1	-1	-1
171	3	0	3	1	-1	-1
171	2	1	2	3	-1	-1
171	2	2	0	1	-1	-1
171	2	1	2	0	-1	-1
171	0	1	2	2	-1	-1
171	16	0	3	1	-1	-1
171	0	0	6	1	-1	-1
170	6	1	1	5	-1	-1
170	2	1	1	4	-1	-1
170	1	1	1	1	-1	-1
170	31	1	1	4	-1	-1
170	6	1	1	1	-1	-1
170	6	1	1	4	-1	-1
170	6	1	4	1	-1	-1
170	1	1	3	5	-1	-1
170	0	1	3	4	-1	-1
170	22	2	1	4	-1	-1
253	0	2	8	0	-1	-1
253	0	2	6	0	-1	-1
253	2	2	14	0	-1	-1
253	0	1	8	0	-1	-1
253	0	2	14	0	-1	-1
253	0	2	13	0	-1	-1
253	1	2	40	11	-1	-1
253	1	2	14	1	-1	-1
253	1	1	8	1	-1	-1
253	1	2	21	14	-1	-1
182	1	2	-1	-1	-1	-1
182	0	2	-1	-1	-1	-1
182	8	2	-1	-1	-1	-1
182	2	2	-1	-1	-1	-1
182	3	2	-1	-1	-1	-1
182	3	1	-1	-1	-1	-1
182	0	1	-1	-1	-1	-1
182	2	1	-1	-1	-1	-1
182	1	1	-1	-1	-1	-1
182	1	0	-1	-1	-1	-1
183	7	2	0	-1	-1	-1
183	7	6	0	-1	-1	-1
183	7	1	0	-1	-1	-1
183	4	2	0	-1	-1	-1
183	3	2	0	-1	-1	-1
183	0	2	5	-1	-1	-1
183	3	4	5	-1	-1	-1
183	3	6	5	-1	-1	-1
183	7	12	0	-1	-1	-1
183	7	21	5	-1	-1	-1
180	0	0	3	0	0	-1
180	0	15	3	8	0	-1
180	0	12	5	0	1	-1
180	0	15	7	8	0	-1
180	0	43	3	0	0	-1
180	0	0	8	0	0	-1
180	0	12	8	0	0	-1
180	0	15	8	8	0	-1
180	0	12	3	0	0	-1
180	0	12	7	10	0	-1
2	4	1	2	9	-1	-1
2	4	1	2	1	-1	-1
2	4	1	2	10	-1	-1
2	4	1	2	0	-1	-1
2	11	1	2	1	-1	-1
2	9	1	2	0	-1	-1
2	21	1	2	1	-1	-1
2	21	1	18	1	-1	-1
2	21	26	6	8	-1	-1
2	17	1	2	8	-1	-1
186	0	0	-1	-1	-1	-1
186	1	0	-1	-1	-1	-1
186	1	6	-1	-1	-1	-1
186	0	6	-1	-1	-1	-1
186	6	0	-1	-1	-1	-1
186	5	6	-1	-1	-1	-1
186	1	1	-1	-1	-1	-1
186	5	0	-1	-1	-1	-1
186	6	6	-1	-1	-1	-1
186	0	9	-1	-1	-1	-1
187	4	0	0	0	-1	-1
187	4	0	1	4	-1	-1
187	0	0	0	0	-1	-1
187	0	0	1	0	-1	-1
187	4	0	1	0	-1	-1
187	6	2	3	6	-1	-1
187	0	3	1	0	-1	-1
187	4	2	1	6	-1	-1
187	0	0	1	3	-1	-1
187	0	2	0	0	-1	-1
184	0	0	0	-1	-1	-1
184	1	0	0	-1	-1	-1
184	0	0	1	-1	-1	-1
184	5	0	0	-1	-1	-1
184	27	0	0	-1	-1	-1
184	1	0	1	-1	-1	-1
184	4	0	0	-1	-1	-1
184	0	0	8	-1	-1	-1
184	0	2	1	-1	-1	-1
184	0	0	25	-1	-1	-1
185	3	1	4	0	0	-1
185	17	1	4	0	3	-1
185	7	1	8	0	0	-1
185	7	1	4	0	3	-1
185	17	3	8	0	2	-1
185	3	1	4	0	3	-1
185	7	3	8	0	0	-1
185	7	1	8	0	2	-1
185	17	1	4	0	2	-1
185	5	1	4	0	3	-1
188	4	1	0	-1	-1	-1
188	5	1	0	-1	-1	-1
188	2	1	0	-1	-1	-1
188	11	3	5	-1	-1	-1
188	11	1	0	-1	-1	-1
188	4	1	4	-1	-1	-1
188	4	0	0	-1	-1	-1
188	11	0	0	-1	-1	-1
188	4	3	5	-1	-1	-1
188	18	1	0	-1	-1	-1
189	4	6	3	2	-1	-1
189	6	1	4	2	-1	-1
189	6	1	0	2	-1	-1
189	4	6	9	2	-1	-1
189	4	21	3	2	-1	-1
189	6	1	4	1	-1	-1
189	65	1	1	2	-1	-1
189	4	6	2	2	-1	-1
189	2	4	4	2	-1	-1
189	6	1	1	2	-1	-1
11	15	5	6	-1	-1	-1
11	2	6	2	-1	-1	-1
11	2	3	2	-1	-1	-1
11	1	6	3	-1	-1	-1
11	1	2	3	-1	-1	-1
11	1	2	2	-1	-1	-1
11	2	2	2	-1	-1	-1
11	2	6	3	-1	-1	-1
11	14	5	9	-1	-1	-1
11	1	3	3	-1	-1	-1
10	3	2	-1	-1	-1	-1
10	3	3	-1	-1	-1	-1
10	9	2	-1	-1	-1	-1
10	13	2	-1	-1	-1	-1
10	5	2	-1	-1	-1	-1
10	3	0	-1	-1	-1	-1
10	8	2	-1	-1	-1	-1
10	17	2	-1	-1	-1	-1
10	21	2	-1	-1	-1	-1
10	3	5	-1	-1	-1	-1
13	7	0	3	2	2	2
13	2	0	3	2	2	2
13	2	4	1	7	0	2
13	7	0	13	2	2	2
13	7	0	8	2	2	2
13	2	0	8	2	9	2
13	7	0	3	2	41	2
13	5	39	3	38	0	0
13	7	0	1	2	7	2
13	3	0	3	2	2	2
12	0	0	0	5	0	-1
12	7	1	0	3	0	-1
12	0	0	0	1	3	-1
12	0	1	0	1	0	-1
12	0	0	0	1	2	-1
12	7	1	0	0	0	-1
12	0	0	0	5	3	-1
12	0	1	0	1	4	-1
12	0	0	95	18	0	-1
12	4	0	60	5	2	-1
15	0	0	4	4	-1	-1
15	0	7	0	0	-1	-1
15	0	0	7	0	-1	-1
15	0	29	4	4	-1	-1
15	3	2	0	0	-1	-1
15	0	7	18	0	-1	-1
15	11	2	0	0	-1	-1
15	0	2	0	0	-1	-1
15	0	23	4	4	-1	-1
15	0	2	4	0	-1	-1
14	3	2	0	12	-1	-1
14	4	18	30	37	-1	-1
14	37	7	0	0	-1	-1
14	59	15	0	0	-1	-1
14	44	28	37	47	-1	-1
14	24	48	59	33	-1	-1
14	3	0	0	12	-1	-1
14	5	15	0	0	-1	-1
14	37	8	0	0	-1	-1
14	48	53	0	7	-1	-1
17	0	0	-1	-1	-1	-1
17	0	2	-1	-1	-1	-1
17	0	1	-1	-1	-1	-1
17	4	0	-1	-1	-1	-1
17	2	0	-1	-1	-1	-1
17	0	3	-1	-1	-1	-1
17	2	2	-1	-1	-1	-1
17	0	7	-1	-1	-1	-1
17	4	2	-1	-1	-1	-1
17	28	0	-1	-1	-1	-1
16	4	6	1	5	1	-1
16	6	6	0	5	0	-1
16	4	6	1	2	1	-1
16	0	6	0	5	0	-1
16	6	6	2	5	0	-1
16	0	6	8	3	0	-1
16	3	6	0	14	0	-1
16	4	6	1	5	0	-1
16	11	6	0	5	0	-1
16	0	6	13	5	5	-1
19	6	4	8	-1	-1	-1
19	7	4	8	-1	-1	-1
19	0	0	1	-1	-1	-1
19	0	1	1	-1	-1	-1
19	0	6	1	-1	-1	-1
19	4	9	1	-1	-1	-1
19	0	0	6	-1	-1	-1
19	0	1	8	-1	-1	-1
19	15	0	1	-1	-1	-1
19	0	5	4	-1	-1	-1
18	15	0	3	-1	-1	-1
18	15	11	0	-1	-1	-1
18	4	0	0	-1	-1	-1
18	15	11	3	-1	-1	-1
18	15	0	0	-1	-1	-1
18	15	11	8	-1	-1	-1
18	8	11	8	-1	-1	-1
18	15	0	1	-1	-1	-1
18	67	10	19	-1	-1	-1
18	4	0	1	-1	-1	-1
322	6	2	1	-1	-1	-1
322	6	0	4	-1	-1	-1
322	6	2	17	-1	-1	-1
322	6	2	0	-1	-1	-1
322	6	0	5	-1	-1	-1
322	6	0	0	-1	-1	-1
322	6	2	12	-1	-1	-1
322	6	2	19	-1	-1	-1
322	6	0	1	-1	-1	-1
322	6	1	0	-1	-1	-1
323	2	0	-1	-1	-1	-1
323	6	0	-1	-1	-1	-1
323	3	0	-1	-1	-1	-1
323	11	0	-1	-1	-1	-1
323	9	0	-1	-1	-1	-1
323	5	0	-1	-1	-1	-1
323	13	0	-1	-1	-1	-1
323	4	0	-1	-1	-1	-1
323	5	1	-1	-1	-1	-1
323	8	0	-1	-1	-1	-1
320	2	4	3	12	3	-1
320	2	4	1	7	3	-1
320	2	4	1	2	3	-1
320	2	4	3	3	3	-1
320	2	4	1	3	3	-1
320	2	4	3	7	3	-1
320	2	4	3	2	3	-1
320	2	4	1	12	3	-1
320	3	3	1	3	3	-1
320	3	1	6	3	3	-1
321	5	14	9	7	-1	-1
321	18	15	12	6	-1	-1
321	1	0	0	1	-1	-1
321	5	14	9	14	-1	-1
321	4	87	60	0	-1	-1
321	1	39	9	7	-1	-1
321	29	15	12	6	-1	-1
321	1	21	18	2	-1	-1
321	1	44	6	40	-1	-1
321	5	14	8	16	-1	-1
326	0	5	0	-1	-1	-1
326	6	5	0	-1	-1	-1
326	0	5	3	-1	-1	-1
326	0	1	0	-1	-1	-1
326	0	2	0	-1	-1	-1
326	0	2	3	-1	-1	-1
326	6	5	3	-1	-1	-1
326	0	5	5	-1	-1	-1
326	0	5	9	-1	-1	-1
326	0	1	13	-1	-1	-1
327	0	1	-1	-1	-1	-1
327	0	5	-1	-1	-1	-1
327	0	18	-1	-1	-1	-1
327	0	0	-1	-1	-1	-1
327	43	1	-1	-1	-1	-1
327	1	5	-1	-1	-1	-1
327	0	4	-1	-1	-1	-1
327	15	1	-1	-1	-1	-1
327	23	5	-1	-1	-1	-1
327	2	1	-1	-1	-1	-1
324	1	0	0	-1	-1	-1
324	1	0	1	-1	-1	-1
324	0	2	2	-1	-1	-1
324	2	2	5	-1	-1	-1
324	2	0	5	-1	-1	-1
324	12	2	2	-1	-1	-1
324	2	10	2	-1	-1	-1
324	2	0	1	-1	-1	-1
324	2	0	0	-1	-1	-1
324	2	5	5	-1	-1	-1
325	1	0	4	-1	-1	-1
325	1	1	3	-1	-1	-1
325	0	0	4	-1	-1	-1
325	1	1	5	-1	-1	-1
325	1	0	7	-1	-1	-1
325	1	1	1	-1	-1	-1
325	0	41	3	-1	-1	-1
325	0	16	4	-1	-1	-1
325	1	7	3	-1	-1	-1
325	1	0	1	-1	-1	-1
328	1	3	2	-1	-1	-1
328	1	0	2	-1	-1	-1
328	1	1	0	-1	-1	-1
328	1	15	2	-1	-1	-1
328	1	2	2	-1	-1	-1
328	1	1	2	-1	-1	-1
328	1	3	0	-1	-1	-1
328	1	20	0	-1	-1	-1
328	7	3	0	-1	-1	-1
328	2	3	2	-1	-1	-1
329	19	0	9	-1	-1	-1
329	33	1	9	-1	-1	-1
329	0	0	2	-1	-1	-1
329	0	1	9	-1	-1	-1
329	11	0	9	-1	-1	-1
329	0	0	8	-1	-1	-1
329	19	1	9	-1	-1	-1
329	1	4	2	-1	-1	-1
329	1	3	2	-1	-1	-1
329	25	1	10	-1	-1	-1
201	1	4	2	-1	-1	-1
201	1	4	3	-1	-1	-1
201	1	0	3	-1	-1	-1
201	1	0	2	-1	-1	-1
201	3	5	2	-1	-1	-1
201	3	0	3	-1	-1	-1
201	3	5	7	-1	-1	-1
201	1	5	3	-1	-1	-1
201	3	0	8	-1	-1	-1
201	3	5	8	-1	-1	-1
200	4	3	0	-1	-1	-1
200	7	3	1	-1	-1	-1
200	1	1	0	-1	-1	-1
200	4	3	1	-1	-1	-1
200	4	0	1	-1	-1	-1
200	1	1	1	-1	-1	-1
200	7	20	1	-1	-1	-1
200	0	3	0	-1	-1	-1
200	7	0	1	-1	-1	-1
200	7	3	0	-1	-1	-1
203	5	10	3	5	-1	-1
203	19	10	3	5	-1	-1
203	6	0	3	5	-1	-1
203	5	12	3	1	-1	-1
203	5	10	3	1	-1	-1
203	12	0	3	5	-1	-1
203	26	12	3	1	-1	-1
203	6	9	3	5	-1	-1
203	26	13	3	1	-1	-1
203	19	10	2	5	-1	-1
202	0	8	7	20	0	-1
202	0	1	2	0	7	-1
202	0	7	2	0	0	-1
202	0	4	8	0	0	-1
202	0	12	2	0	0	-1
202	0	12	2	7	0	-1
202	23	10	7	0	0	-1
202	0	23	7	0	3	-1
202	0	4	2	0	0	-1
202	0	10	7	31	8	-1
205	8	2	3	-1	-1	-1
205	6	12	9	-1	-1	-1
205	1	2	11	-1	-1	-1
205	7	10	8	-1	-1	-1
205	17	2	8	-1	-1	-1
205	1	2	0	-1	-1	-1
205	8	11	3	-1	-1	-1
205	5	0	4	-1	-1	-1
205	1	18	11	-1	-1	-1
205	8	10	11	-1	-1	-1
204	0	0	0	-1	-1	-1
204	1	7	0	-1	-1	-1
204	1	7	1	-1	-1	-1
204	0	1	0	-1	-1	-1
204	0	1	1	-1	-1	-1
204	0	5	1	-1	-1	-1
204	1	1	0	-1	-1	-1
204	1	0	0	-1	-1	-1
204	19	0	0	-1	-1	-1
204	1	1	10	-1	-1	-1
207	3	2	2	0	-1	-1
207	6	4	1	1	-1	-1
207	3	2	2	3	-1	-1
207	3	0	2	3	-1	-1
207	2	1	0	2	-1	-1
207	3	2	3	3	-1	-1
207	6	4	7	1	-1	-1
207	6	4	2	1	-1	-1
207	3	0	2	0	-1	-1
207	3	0	2	9	-1	-1
206	0	1	0	0	-1	-1
206	0	6	0	2	-1	-1
206	0	1	0	2	-1	-1
206	0	4	0	0	-1	-1
206	0	4	0	4	-1	-1
206	0	5	0	4	-1	-1
206	0	4	0	2	-1	-1
206	0	0	0	2	-1	-1
206	0	1	0	4	-1	-1
206	0	3	0	2	-1	-1
209	0	4	3	0	-1	-1
209	0	61	1	0	-1	-1
209	0	15	17	0	-1	-1
209	30	73	56	0	-1	-1
209	0	109	56	0	-1	-1
209	0	33	39	0	-1	-1
209	0	33	32	0	-1	-1
209	0	66	63	0	-1	-1
209	0	73	56	0	-1	-1
209	1	8	9	0	-1	-1
208	9	0	2	4	1	-1
208	0	0	2	4	1	-1
208	0	0	12	4	7	-1
208	9	0	12	4	0	-1
208	9	0	0	4	0	-1
208	9	0	12	4	1	-1
208	16	0	2	4	1	-1
208	0	0	2	8	5	-1
208	21	0	8	4	5	-1
208	16	0	0	4	1	-1
77	6	9	4	-1	-1	-1
77	6	7	4	-1	-1	-1
77	2	7	4	-1	-1	-1
77	2	9	4	-1	-1	-1
77	13	5	9	-1	-1	-1
77	13	4	9	-1	-1	-1
77	4	4	3	-1	-1	-1
77	11	7	4	-1	-1	-1
77	31	22	20	-1	-1	-1
77	2	2	0	-1	-1	-1
76	1	0	1	4	-1	-1
76	1	1	1	4	-1	-1
76	1	0	3	4	-1	-1
76	1	1	0	4	-1	-1
76	8	9	3	4	-1	-1
76	5	7	1	4	-1	-1
76	8	9	7	4	-1	-1
76	5	5	1	4	-1	-1
76	3	4	1	4	-1	-1
76	0	12	1	4	-1	-1
75	7	1	0	1	29	-1
75	6	3	0	1	7	-1
75	9	1	0	1	40	-1
75	6	3	0	1	5	-1
75	57	1	0	1	10	-1
75	10	1	0	1	35	-1
75	8	1	0	1	36	-1
75	9	1	0	1	10	-1
75	9	1	0	1	3	-1
75	8	1	0	1	11	-1
74	0	1	0	-1	-1	-1
74	4	4	0	-1	-1	-1
74	4	6	0	-1	-1	-1
74	0	1	31	-1	-1	-1
74	0	6	32	-1	-1	-1
74	0	6	28	-1	-1	-1
74	14	4	6	-1	-1	-1
74	9	6	7	-1	-1	-1
74	0	6	0	-1	-1	-1
74	19	10	0	-1	-1	-1
73	1	3	0	0	-1	-1
73	3	3	0	0	-1	-1
73	1	3	0	1	-1	-1
73	1	2	0	0	-1	-1
73	1	2	0	3	-1	-1
73	1	6	0	0	-1	-1
73	3	3	0	1	-1	-1
73	1	2	0	1	-1	-1
73	1	3	0	25	-1	-1
73	3	6	0	0	-1	-1
72	2	1	0	1	-1	-1
72	2	1	1	1	-1	-1
72	1	1	0	0	-1	-1
72	1	1	1	0	-1	-1
72	1	0	0	0	-1	-1
72	2	1	7	5	-1	-1
72	1	0	1	0	-1	-1
72	2	1	0	0	-1	-1
72	1	1	7	0	-1	-1
72	2	1	14	1	-1	-1
71	11	9	4	2	2	-1
71	6	0	8	4	0	-1
71	6	5	8	2	0	-1
71	3	9	4	2	2	-1
71	3	16	4	3	2	-1
71	3	9	4	5	2	-1
71	11	0	4	1	0	-1
71	6	0	8	2	0	-1
71	27	5	11	2	30	-1
71	17	23	4	5	19	-1
70	0	5	5	0	-1	-1
70	16	4	9	2	-1	-1
70	111	28	9	6	-1	-1
70	7	8	16	0	-1	-1
70	7	8	23	0	-1	-1
70	132	8	16	6	-1	-1
70	181	11	9	2	-1	-1
70	2	8	26	6	-1	-1
70	44	36	9	6	-1	-1
70	272	36	9	2	-1	-1
79	0	0	0	0	-1	-1
79	0	0	0	4	-1	-1
79	2	0	0	0	-1	-1
79	0	0	0	1	-1	-1
79	0	3	0	0	-1	-1
79	10	0	0	0	-1	-1
79	0	0	0	6	-1	-1
79	12	0	0	0	-1	-1
79	0	2	0	0	-1	-1
79	0	3	0	4	-1	-1
78	1	0	1	3	-1	-1
78	1	0	1	1	-1	-1
78	1	1	0	5	-1	-1
78	1	0	1	0	-1	-1
78	1	2	0	5	-1	-1
78	1	0	1	2	-1	-1
78	1	1	1	5	-1	-1
78	1	1	1	1	-1	-1
78	1	0	8	1	-1	-1
78	1	0	5	0	-1	-1
8	17	0	10	3	-1	-1
8	17	0	1	3	-1	-1
8	17	0	7	3	-1	-1
8	17	2	4	3	-1	-1
8	18	0	2	3	-1	-1
8	17	2	7	3	-1	-1
8	17	0	10	11	-1	-1
8	17	0	2	3	-1	-1
8	17	0	1	9	-1	-1
8	17	2	10	3	-1	-1
120	3	2	4	1	-1	-1
120	3	2	3	1	-1	-1
120	3	2	4	2	-1	-1
120	3	2	1	1	-1	-1
120	3	2	2	2	-1	-1
120	3	2	2	1	-1	-1
120	2	2	2	1	-1	-1
120	29	2	27	2	-1	-1
120	3	2	4	4	-1	-1
120	29	2	27	10	-1	-1
121	9	1	0	2	-1	-1
121	1	1	0	0	-1	-1
121	8	1	0	1	-1	-1
121	8	1	0	2	-1	-1
121	9	9	0	2	-1	-1
121	0	7	0	0	-1	-1
121	8	9	0	1	-1	-1
121	9	2	0	2	-1	-1
121	1	1	0	2	-1	-1
121	15	12	0	4	-1	-1
122	78	6	53	6	11	-1
122	52	0	7	6	5	-1
122	3	0	8	6	0	-1
122	52	0	7	6	0	-1
122	77	4	53	3	41	-1
122	87	0	30	6	0	-1
122	30	10	3	3	0	-1
122	13	0	58	6	0	-1
122	103	0	31	6	0	-1
122	47	0	45	2	0	-1
123	0	0	88	2	-1	-1
123	0	0	11	2	-1	-1
123	0	0	43	2	-1	-1
123	0	0	11	4	-1	-1
123	0	0	43	4	-1	-1
123	0	0	88	4	-1	-1
123	0	0	12	4	-1	-1
123	0	0	115	2	-1	-1
123	0	5	35	0	-1	-1
123	6	0	12	4	-1	-1
124	2	2	3	2	11	-1
124	67	3	99	7	18	-1
124	24	14	3	2	15	-1
124	0	7	1	2	0	-1
124	24	3	3	2	56	-1
124	62	20	20	2	10	-1
124	34	22	26	2	12	-1
124	1	7	2	2	0	-1
124	5	7	0	2	8	-1
124	32	3	11	2	56	-1
125	0	0	0	2	-1	-1
125	0	0	0	0	-1	-1
125	0	0	0	26	-1	-1
125	0	0	1	1	-1	-1
125	0	6	1	2	-1	-1
125	33	0	4	1	-1	-1
125	0	0	1	2	-1	-1
125	5	12	0	2	-1	-1
125	0	0	4	2	-1	-1
125	0	8	1	0	-1	-1
126	2	3	2	0	1	-1
126	2	3	0	0	1	-1
126	2	7	0	0	1	-1
126	0	7	0	0	7	-1
126	0	7	0	1	7	-1
126	2	3	0	0	2	-1
126	2	3	2	0	2	-1
126	2	3	6	0	1	-1
126	2	3	1	0	1	-1
126	2	3	10	0	1	-1
127	0	0	3	-1	-1	-1
127	0	1	3	-1	-1	-1
127	0	0	5	-1	-1	-1
127	0	1	5	-1	-1	-1
127	0	4	3	-1	-1	-1
127	0	0	0	-1	-1	-1
127	0	4	5	-1	-1	-1
127	0	1	0	-1	-1	-1
127	0	4	0	-1	-1	-1
127	0	4	15	-1	-1	-1
128	10	3	4	-1	-1	-1
128	3	3	4	-1	-1	-1
128	3	2	0	-1	-1	-1
128	3	7	4	-1	-1	-1
128	3	1	4	-1	-1	-1
128	3	7	0	-1	-1	-1
128	1	0	0	-1	-1	-1
128	0	1	4	-1	-1	-1
128	1	8	0	-1	-1	-1
128	3	10	6	-1	-1	-1
129	2	5	0	5	24	-1
129	8	0	0	5	6	-1
129	39	10	25	9	3	-1
129	2	11	59	13	6	-1
129	1	2	0	1	3	-1
129	2	0	0	5	10	-1
129	2	5	0	5	6	-1
129	8	0	0	13	6	-1
129	2	0	0	5	6	-1
129	2	5	0	4	81	-1
414	0	1	5	2	1	-1
414	0	0	5	2	1	-1
414	0	1	5	2	2	-1
414	8	1	1	21	1	-1
414	0	0	1	2	2	-1
414	0	0	3	2	2	-1
414	0	0	1	0	1	-1
414	0	1	5	2	0	-1
414	0	0	1	2	7	-1
414	0	0	3	0	1	-1
415	8	0	0	-1	-1	-1
415	0	0	0	-1	-1	-1
415	14	0	0	-1	-1	-1
415	6	11	0	-1	-1	-1
415	0	11	0	-1	-1	-1
415	8	0	2	-1	-1	-1
415	2	0	0	-1	-1	-1
415	8	6	0	-1	-1	-1
415	6	0	0	-1	-1	-1
415	8	11	0	-1	-1	-1
416	0	4	5	6	-1	-1
416	0	2	5	6	-1	-1
416	0	16	5	6	-1	-1
416	0	4	2	6	-1	-1
416	0	16	2	6	-1	-1
416	0	9	2	0	-1	-1
416	0	0	2	0	-1	-1
416	0	2	2	6	-1	-1
416	0	13	2	6	-1	-1
416	0	17	5	6	-1	-1
417	0	3	3	2	-1	-1
417	0	3	3	4	-1	-1
417	2	3	7	2	-1	-1
417	0	3	7	2	-1	-1
417	0	3	7	3	-1	-1
417	1	3	3	5	-1	-1
417	1	3	7	2	-1	-1
417	1	3	3	4	-1	-1
417	0	3	3	1	-1	-1
417	0	3	3	5	-1	-1
410	3	6	1	-1	-1	-1
410	7	4	1	-1	-1	-1
410	7	1	1	-1	-1	-1
410	3	4	1	-1	-1	-1
410	7	2	1	-1	-1	-1
410	3	6	0	-1	-1	-1
410	9	4	1	-1	-1	-1
410	3	4	20	-1	-1	-1
410	7	4	0	-1	-1	-1
410	7	6	1	-1	-1	-1
411	4	0	4	7	-1	-1
411	4	0	3	7	-1	-1
411	25	28	1	55	-1	-1
411	4	28	4	7	-1	-1
411	17	29	1	67	-1	-1
411	3	0	16	6	-1	-1
411	3	28	9	6	-1	-1
411	13	0	9	16	-1	-1
411	38	0	33	44	-1	-1
411	3	0	33	6	-1	-1
412	3	3	-1	-1	-1	-1
412	2	3	-1	-1	-1	-1
412	1	3	-1	-1	-1	-1
412	2	9	-1	-1	-1	-1
412	3	4	-1	-1	-1	-1
412	2	4	-1	-1	-1	-1
412	8	19	-1	-1	-1	-1
412	16	4	-1	-1	-1	-1
412	6	4	-1	-1	-1	-1
412	14	3	-1	-1	-1	-1
413	0	0	-1	-1	-1	-1
413	1	0	-1	-1	-1	-1
413	0	1	-1	-1	-1	-1
413	0	5	-1	-1	-1	-1
413	1	1	-1	-1	-1	-1
413	9	0	-1	-1	-1	-1
413	0	7	-1	-1	-1	-1
413	1	8	-1	-1	-1	-1
413	4	1	-1	-1	-1	-1
413	13	5	-1	-1	-1	-1
137	0	0	0	2	0	-1
137	1	0	0	2	7	-1
137	4	2	0	5	6	-1
137	11	21	0	25	27	-1
137	0	0	0	2	7	-1
137	11	0	0	13	0	-1
137	12	0	0	13	44	-1
137	1	0	2	2	0	-1
137	1	1	1	2	8	-1
137	4	1	1	7	6	-1
418	20	7	6	2	4	-1
418	16	7	1	1	2	-1
418	16	7	1	2	4	-1
418	20	7	6	1	5	-1
418	16	2	3	9	2	-1
418	12	0	0	1	12	-1
418	16	7	1	1	6	-1
418	3	7	1	1	4	-1
418	27	19	0	1	4	-1
418	20	7	6	0	4	-1
419	0	2	0	1	-1	-1
419	7	2	0	1	-1	-1
419	5	2	2	1	-1	-1
419	3	2	0	1	-1	-1
419	3	2	2	1	-1	-1
419	0	2	2	7	-1	-1
419	5	2	0	1	-1	-1
419	0	2	2	1	-1	-1
419	3	2	2	7	-1	-1
419	5	2	2	7	-1	-1
499	3	4	1	-1	-1	-1
499	3	4	0	-1	-1	-1
499	3	4	5	-1	-1	-1
499	4	0	0	-1	-1	-1
499	5	4	1	-1	-1	-1
499	5	4	5	-1	-1	-1
499	13	17	1	-1	-1	-1
499	3	17	5	-1	-1	-1
499	0	1	0	-1	-1	-1
499	8	14	0	-1	-1	-1
319	11	-1	-1	-1	-1	-1
319	6	-1	-1	-1	-1	-1
319	1	-1	-1	-1	-1	-1
319	9	-1	-1	-1	-1	-1
319	21	-1	-1	-1	-1	-1
319	5	-1	-1	-1	-1	-1
319	3	-1	-1	-1	-1	-1
319	2	-1	-1	-1	-1	-1
319	27	-1	-1	-1	-1	-1
319	30	-1	-1	-1	-1	-1
318	2	0	-1	-1	-1	-1
318	1	0	-1	-1	-1	-1
318	2	1	-1	-1	-1	-1
318	2	5	-1	-1	-1	-1
318	2	2	-1	-1	-1	-1
318	0	0	-1	-1	-1	-1
318	7	0	-1	-1	-1	-1
318	1	3	-1	-1	-1	-1
318	1	6	-1	-1	-1	-1
318	2	3	-1	-1	-1	-1
313	1	0	1	-1	-1	-1
313	1	0	5	-1	-1	-1
313	1	6	1	-1	-1	-1
313	3	0	1	-1	-1	-1
313	1	5	1	-1	-1	-1
313	1	1	1	-1	-1	-1
313	0	2	0	-1	-1	-1
313	1	0	3	-1	-1	-1
313	0	1	0	-1	-1	-1
313	0	0	0	-1	-1	-1
312	0	2	2	2	-1	-1
312	0	2	0	1	-1	-1
312	7	1	16	1	-1	-1
312	0	2	4	2	-1	-1
312	0	0	0	0	-1	-1
312	7	0	11	19	-1	-1
312	0	1	0	1	-1	-1
312	0	2	1	2	-1	-1
312	0	0	0	1	-1	-1
312	7	19	16	1	-1	-1
311	0	0	0	1	0	0
311	0	0	0	5	0	0
311	0	0	0	3	0	0
311	0	0	10	5	11	0
311	0	1	10	1	6	0
311	0	0	0	1	6	6
311	0	0	10	3	11	0
311	0	0	0	3	11	0
311	0	0	10	1	11	0
311	5	0	0	3	0	0
310	6	19	15	4	-1	-1
310	6	6	15	4	-1	-1
310	7	4	1	7	-1	-1
310	124	8	80	11	-1	-1
310	27	4	12	6	-1	-1
310	6	6	112	96	-1	-1
310	12	8	14	3	-1	-1
310	65	53	1	7	-1	-1
310	27	6	19	4	-1	-1
310	7	1	1	9	-1	-1
317	3	7	-1	-1	-1	-1
317	3	2	-1	-1	-1	-1
317	3	22	-1	-1	-1	-1
317	10	7	-1	-1	-1	-1
317	10	2	-1	-1	-1	-1
317	42	0	-1	-1	-1	-1
317	3	18	-1	-1	-1	-1
317	6	8	-1	-1	-1	-1
317	1	0	-1	-1	-1	-1
317	3	5	-1	-1	-1	-1
316	8	0	-1	-1	-1	-1
316	10	0	-1	-1	-1	-1
316	26	0	-1	-1	-1	-1
316	18	0	-1	-1	-1	-1
316	2	0	-1	-1	-1	-1
316	9	0	-1	-1	-1	-1
316	0	0	-1	-1	-1	-1
316	14	0	-1	-1	-1	-1
316	41	0	-1	-1	-1	-1
316	4	0	-1	-1	-1	-1
315	8	2	0	4	-1	-1
315	56	19	0	20	-1	-1
315	14	8	0	7	-1	-1
315	56	19	0	4	-1	-1
315	8	2	0	7	-1	-1
315	56	19	0	0	-1	-1
315	8	2	10	7	-1	-1
315	25	22	0	4	-1	-1
315	4	2	0	4	-1	-1
315	56	19	0	7	-1	-1
314	12	13	5	0	-1	-1
314	6	12	2	0	-1	-1
314	12	12	5	0	-1	-1
314	12	27	2	0	-1	-1
314	12	13	2	0	-1	-1
314	46	12	2	0	-1	-1
314	11	9	2	2	-1	-1
314	29	12	2	0	-1	-1
314	29	5	2	0	-1	-1
314	12	27	5	0	-1	-1
496	27	8	2	3	6	-1
496	8	9	9	3	5	-1
496	7	4	8	1	2	-1
496	27	2	2	3	6	-1
496	41	21	35	1	29	-1
496	5	4	8	3	2	-1
496	7	4	8	3	2	-1
496	7	4	8	3	5	-1
496	5	10	8	3	2	-1
496	5	32	8	3	2	-1
138	0	2	0	-1	-1	-1
138	0	8	0	-1	-1	-1
138	3	8	4	-1	-1	-1
138	3	2	4	-1	-1	-1
138	0	2	4	-1	-1	-1
138	4	2	4	-1	-1	-1
138	0	9	0	-1	-1	-1
138	0	8	4	-1	-1	-1
138	3	0	0	-1	-1	-1
138	0	3	4	-1	-1	-1
3	6	3	0	2	-1	-1
3	8	3	0	1	-1	-1
3	2	0	0	1	-1	-1
3	8	2	0	1	-1	-1
3	15	3	0	1	-1	-1
3	6	3	0	1	-1	-1
3	24	3	0	2	-1	-1
3	17	7	0	1	-1	-1
3	24	2	0	2	-1	-1
3	6	7	0	0	-1	-1
368	0	3	1	0	-1	-1
368	0	9	0	1	-1	-1
368	0	3	1	6	-1	-1
368	0	4	0	0	-1	-1
368	0	0	0	0	-1	-1
368	0	9	1	1	-1	-1
368	0	0	1	0	-1	-1
368	0	4	1	0	-1	-1
368	0	4	8	0	-1	-1
368	0	3	1	2	-1	-1
369	0	2	-1	-1	-1	-1
369	1	2	-1	-1	-1	-1
369	1	6	-1	-1	-1	-1
369	1	4	-1	-1	-1	-1
369	0	6	-1	-1	-1	-1
369	0	8	-1	-1	-1	-1
369	0	21	-1	-1	-1	-1
369	0	5	-1	-1	-1	-1
369	0	1	-1	-1	-1	-1
369	0	4	-1	-1	-1	-1
366	0	1	1	-1	-1	-1
366	2	1	1	-1	-1	-1
366	2	1	0	-1	-1	-1
366	0	1	0	-1	-1	-1
366	0	0	1	-1	-1	-1
366	8	1	1	-1	-1	-1
366	0	0	0	-1	-1	-1
366	8	1	0	-1	-1	-1
366	6	1	1	-1	-1	-1
366	2	1	3	-1	-1	-1
367	4	20	0	0	8	-1
367	5	2	0	0	3	-1
367	2	1	1	1	2	-1
367	21	2	0	0	3	-1
367	4	20	1	0	8	-1
367	21	21	0	0	3	-1
367	1	20	0	0	8	-1
367	4	51	0	8	3	-1
367	1	20	0	0	3	-1
367	6	8	5	1	3	-1
364	8	3	8	2	-1	-1
364	0	0	2	0	-1	-1
364	8	3	10	2	-1	-1
364	8	3	8	6	-1	-1
364	2	0	0	2	-1	-1
364	8	3	1	2	-1	-1
364	1	0	2	1	-1	-1
364	1	0	0	0	-1	-1
364	21	9	15	0	-1	-1
364	15	0	2	0	-1	-1
365	1	1	-1	-1	-1	-1
365	0	0	-1	-1	-1	-1
365	1	2	-1	-1	-1	-1
365	8	1	-1	-1	-1	-1
365	8	2	-1	-1	-1	-1
365	1	15	-1	-1	-1	-1
365	1	9	-1	-1	-1	-1
365	1	12	-1	-1	-1	-1
365	0	1	-1	-1	-1	-1
365	1	3	-1	-1	-1	-1
362	0	0	1	-1	-1	-1
362	0	2	1	-1	-1	-1
362	0	0	4	-1	-1	-1
362	0	3	1	-1	-1	-1
362	0	0	8	-1	-1	-1
362	12	0	1	-1	-1	-1
362	0	2	4	-1	-1	-1
362	0	4	1	-1	-1	-1
362	3	0	4	-1	-1	-1
362	8	0	4	-1	-1	-1
363	4	5	1	1	-1	-1
363	3	2	1	1	-1	-1
363	4	2	1	1	-1	-1
363	3	2	5	1	-1	-1
363	4	0	1	1	-1	-1
363	1	2	1	1	-1	-1
363	1	0	1	1	-1	-1
363	5	2	3	1	-1	-1
363	3	2	3	1	-1	-1
363	5	2	1	1	-1	-1
360	0	6	1	2	-1	-1
360	0	12	1	0	-1	-1
360	0	3	1	2	-1	-1
360	0	6	0	2	-1	-1
360	0	5	1	2	-1	-1
360	0	5	1	8	-1	-1
360	0	3	0	2	-1	-1
360	0	2	1	2	-1	-1
360	0	12	0	0	-1	-1
360	0	6	10	2	-1	-1
361	3	1	1	-1	-1	-1
361	13	1	1	-1	-1	-1
361	3	0	1	-1	-1	-1
361	13	6	1	-1	-1	-1
361	1	0	1	-1	-1	-1
361	4	1	1	-1	-1	-1
361	7	0	1	-1	-1	-1
361	3	0	5	-1	-1	-1
361	4	0	1	-1	-1	-1
361	3	1	5	-1	-1	-1
380	4	4	0	-1	-1	-1
380	4	1	0	-1	-1	-1
380	4	4	3	-1	-1	-1
380	2	13	0	-1	-1	-1
380	4	10	4	-1	-1	-1
380	2	13	2	-1	-1	-1
380	4	29	24	-1	-1	-1
380	4	11	0	-1	-1	-1
380	2	6	0	-1	-1	-1
380	4	7	2	-1	-1	-1
381	3	0	-1	-1	-1	-1
381	12	0	-1	-1	-1	-1
381	13	0	-1	-1	-1	-1
381	16	0	-1	-1	-1	-1
381	21	0	-1	-1	-1	-1
381	20	0	-1	-1	-1	-1
381	19	0	-1	-1	-1	-1
381	8	0	-1	-1	-1	-1
381	10	0	-1	-1	-1	-1
381	29	0	-1	-1	-1	-1
382	4	5	3	-1	-1	-1
382	4	4	3	-1	-1	-1
382	4	4	2	-1	-1	-1
382	4	5	2	-1	-1	-1
382	8	5	3	-1	-1	-1
382	4	9	3	-1	-1	-1
382	4	1	5	-1	-1	-1
382	4	13	5	-1	-1	-1
382	4	17	4	-1	-1	-1
382	4	2	5	-1	-1	-1
383	19	8	2	0	6	-1
383	18	13	3	0	1	-1
383	26	6	3	0	1	-1
383	116	7	3	0	1	-1
383	4	7	0	4	3	-1
383	39	70	3	0	6	-1
383	29	6	3	0	6	-1
383	0	1	0	1	0	-1
383	4	6	3	0	1	-1
383	55	7	3	8	3	-1
384	11	0	4	10	4	-1
384	8	0	4	10	4	-1
384	11	0	2	10	4	-1
384	8	16	4	17	4	-1
384	5	0	4	10	4	-1
384	11	0	6	26	4	-1
384	6	0	3	62	4	-1
384	6	0	3	3	4	-1
384	8	4	4	17	4	-1
384	11	2	4	10	2	-1
385	5	3	0	-1	-1	-1
385	5	0	0	-1	-1	-1
385	5	2	0	-1	-1	-1
385	5	4	0	-1	-1	-1
385	11	0	0	-1	-1	-1
385	12	4	4	-1	-1	-1
385	5	3	14	-1	-1	-1
385	5	1	0	-1	-1	-1
385	1	0	0	-1	-1	-1
385	2	12	0	-1	-1	-1
386	4	4	-1	-1	-1	-1
386	0	4	-1	-1	-1	-1
386	4	5	-1	-1	-1	-1
386	0	5	-1	-1	-1	-1
386	11	4	-1	-1	-1	-1
386	4	7	-1	-1	-1	-1
386	2	5	-1	-1	-1	-1
386	2	4	-1	-1	-1	-1
386	11	5	-1	-1	-1	-1
386	3	1	-1	-1	-1	-1
387	1	2	-1	-1	-1	-1
387	1	1	-1	-1	-1	-1
387	4	2	-1	-1	-1	-1
387	1	0	-1	-1	-1	-1
387	6	2	-1	-1	-1	-1
387	4	1	-1	-1	-1	-1
387	1	8	-1	-1	-1	-1
387	6	1	-1	-1	-1	-1
387	21	2	-1	-1	-1	-1
387	1	5	-1	-1	-1	-1
388	44	28	1	-1	-1	-1
388	7	6	1	-1	-1	-1
388	44	9	1	-1	-1	-1
388	11	9	0	-1	-1	-1
388	59	28	1	-1	-1	-1
388	2	2	0	-1	-1	-1
388	59	6	1	-1	-1	-1
388	109	9	4	-1	-1	-1
388	109	9	0	-1	-1	-1
388	7	5	1	-1	-1	-1
389	9	-1	-1	-1	-1	-1
389	5	-1	-1	-1	-1	-1
389	0	-1	-1	-1	-1	-1
389	8	-1	-1	-1	-1	-1
389	7	-1	-1	-1	-1	-1
389	16	-1	-1	-1	-1	-1
389	2	-1	-1	-1	-1	-1
389	3	-1	-1	-1	-1	-1
389	19	-1	-1	-1	-1	-1
389	31	-1	-1	-1	-1	-1
252	6	0	7	0	-1	-1
252	0	3	4	0	-1	-1
252	0	2	5	0	-1	-1
252	0	0	7	0	-1	-1
252	6	3	4	0	-1	-1
252	0	3	5	0	-1	-1
252	6	3	5	10	-1	-1
252	0	0	4	0	-1	-1
252	6	0	4	0	-1	-1
252	6	0	7	1	-1	-1
60	7	29	7	-1	-1	-1
60	0	11	7	-1	-1	-1
60	1	12	7	-1	-1	-1
60	0	0	0	-1	-1	-1
60	0	29	7	-1	-1	-1
60	50	9	16	-1	-1	-1
60	25	42	7	-1	-1	-1
60	1	9	16	-1	-1	-1
60	29	31	25	-1	-1	-1
60	14	91	19	-1	-1	-1
61	0	0	1	0	1	-1
61	0	0	1	0	0	-1
61	0	22	72	31	1	-1
61	2	0	1	0	0	-1
61	0	0	4	0	0	-1
61	0	0	0	0	2	-1
61	0	0	1	0	2	-1
61	0	25	4	37	1	-1
61	0	0	45	0	2	-1
61	0	9	36	11	1	-1
62	1	0	-1	-1	-1	-1
62	6	0	-1	-1	-1	-1
62	6	1	-1	-1	-1	-1
62	1	1	-1	-1	-1	-1
62	3	0	-1	-1	-1	-1
62	0	0	-1	-1	-1	-1
62	5	0	-1	-1	-1	-1
62	19	1	-1	-1	-1	-1
62	0	1	-1	-1	-1	-1
62	7	0	-1	-1	-1	-1
63	2	6	0	-1	-1	-1
63	0	0	0	-1	-1	-1
63	1	6	0	-1	-1	-1
63	2	4	0	-1	-1	-1
63	2	8	0	-1	-1	-1
63	2	0	0	-1	-1	-1
63	6	12	0	-1	-1	-1
63	6	14	0	-1	-1	-1
63	2	5	0	-1	-1	-1
63	2	3	0	-1	-1	-1
64	28	1	5	-1	-1	-1
64	18	1	5	-1	-1	-1
64	7	1	5	-1	-1	-1
64	23	1	5	-1	-1	-1
64	31	1	3	-1	-1	-1
64	14	0	8	-1	-1	-1
64	7	0	5	-1	-1	-1
64	26	1	3	-1	-1	-1
64	7	1	2	-1	-1	-1
64	31	8	3	-1	-1	-1
65	0	3	0	-1	-1	-1
65	6	6	0	-1	-1	-1
65	0	0	0	-1	-1	-1
65	6	5	1	-1	-1	-1
65	6	6	1	-1	-1	-1
65	6	3	1	-1	-1	-1
65	6	3	0	-1	-1	-1
65	0	3	1	-1	-1	-1
65	0	2	0	-1	-1	-1
65	0	2	1	-1	-1	-1
66	15	1	4	2	-1	-1
66	58	0	1	1	-1	-1
66	12	0	1	1	-1	-1
66	20	0	1	1	-1	-1
66	12	0	10	1	-1	-1
66	29	0	1	1	-1	-1
66	17	1	4	2	-1	-1
66	31	0	1	1	-1	-1
66	35	0	1	1	-1	-1
66	59	0	2	1	-1	-1
67	7	0	12	-1	-1	-1
67	2	0	21	-1	-1	-1
67	2	0	5	-1	-1	-1
67	7	19	12	-1	-1	-1
67	7	0	33	-1	-1	-1
67	7	0	1	-1	-1	-1
67	30	0	21	-1	-1	-1
67	8	0	1	-1	-1	-1
67	7	0	32	-1	-1	-1
67	2	18	21	-1	-1	-1
68	0	0	0	-1	-1	-1
68	0	0	2	-1	-1	-1
68	0	0	3	-1	-1	-1
68	0	0	10	-1	-1	-1
68	0	7	0	-1	-1	-1
68	0	0	6	-1	-1	-1
68	0	6	0	-1	-1	-1
68	0	7	2	-1	-1	-1
68	0	2	0	-1	-1	-1
68	0	0	7	-1	-1	-1
69	0	5	2	-1	-1	-1
69	2	5	2	-1	-1	-1
69	1	28	2	-1	-1	-1
69	2	9	2	-1	-1	-1
69	2	10	2	-1	-1	-1
69	31	0	2	-1	-1	-1
69	0	3	2	-1	-1	-1
69	1	28	4	-1	-1	-1
69	2	15	2	-1	-1	-1
69	2	63	2	-1	-1	-1
250	1	1	-1	-1	-1	-1
250	1	8	-1	-1	-1	-1
250	1	3	-1	-1	-1	-1
250	1	2	-1	-1	-1	-1
250	10	1	-1	-1	-1	-1
250	0	0	-1	-1	-1	-1
250	2	1	-1	-1	-1	-1
250	0	1	-1	-1	-1	-1
250	2	8	-1	-1	-1	-1
250	6	8	-1	-1	-1	-1
251	4	8	2	1	-1	-1
251	4	2	2	1	-1	-1
251	4	4	2	1	-1	-1
251	39	6	2	2	-1	-1
251	4	5	2	1	-1	-1
251	4	56	2	1	-1	-1
251	18	8	2	1	-1	-1
251	104	2	2	14	-1	-1
251	7	1	5	0	-1	-1
251	18	2	2	1	-1	-1
256	0	0	0	0	-1	-1
256	0	0	6	0	-1	-1
256	0	0	5	0	-1	-1
256	0	3	6	0	-1	-1
256	0	0	9	0	-1	-1
256	0	3	6	3	-1	-1
256	0	2	6	0	-1	-1
256	0	0	3	0	-1	-1
256	0	4	6	3	-1	-1
256	0	0	7	0	-1	-1
257	0	0	0	-1	-1	-1
257	5	1	1	-1	-1	-1
257	3	1	1	-1	-1	-1
257	3	0	0	-1	-1	-1
257	0	5	4	-1	-1	-1
257	5	0	0	-1	-1	-1
257	6	0	0	-1	-1	-1
257	1	1	1	-1	-1	-1
257	14	0	0	-1	-1	-1
257	15	1	1	-1	-1	-1
254	3	1	3	-1	-1	-1
254	2	1	3	-1	-1	-1
254	21	1	3	-1	-1	-1
254	5	1	2	-1	-1	-1
254	5	1	3	-1	-1	-1
254	21	1	1	-1	-1	-1
254	3	1	1	-1	-1	-1
254	21	1	2	-1	-1	-1
254	6	1	1	-1	-1	-1
254	5	1	1	-1	-1	-1
255	10	0	-1	-1	-1	-1
255	7	0	-1	-1	-1	-1
255	12	0	-1	-1	-1	-1
255	13	0	-1	-1	-1	-1
255	12	1	-1	-1	-1	-1
255	5	0	-1	-1	-1	-1
255	24	0	-1	-1	-1	-1
255	7	1	-1	-1	-1	-1
255	6	1	-1	-1	-1	-1
255	1	0	-1	-1	-1	-1
502	3	18	0	30	-1	-1
502	0	0	0	2	-1	-1
502	0	12	14	24	-1	-1
502	3	44	0	30	-1	-1
502	3	13	8	13	-1	-1
502	6	18	0	30	-1	-1
502	3	12	1	30	-1	-1
502	3	44	8	30	-1	-1
502	6	13	0	13	-1	-1
502	3	13	0	13	-1	-1
503	10	0	-1	-1	-1	-1
503	10	1	-1	-1	-1	-1
503	5	0	-1	-1	-1	-1
503	6	0	-1	-1	-1	-1
503	5	1	-1	-1	-1	-1
503	6	1	-1	-1	-1	-1
503	20	10	-1	-1	-1	-1
503	6	3	-1	-1	-1	-1
503	4	3	-1	-1	-1	-1
503	5	4	-1	-1	-1	-1
500	0	1	0	-1	-1	-1
500	0	1	8	-1	-1	-1
500	0	1	1	-1	-1	-1
500	2	1	0	-1	-1	-1
500	3	1	0	-1	-1	-1
500	0	0	0	-1	-1	-1
500	2	1	1	-1	-1	-1
500	0	1	6	-1	-1	-1
500	0	3	0	-1	-1	-1
500	5	1	0	-1	-1	-1
501	0	1	0	0	-1	-1
501	0	1	2	0	-1	-1
501	0	10	0	0	-1	-1
501	0	1	0	10	-1	-1
501	0	6	0	0	-1	-1
501	0	0	0	2	-1	-1
501	0	6	0	1	-1	-1
501	0	10	0	2	-1	-1
501	0	10	0	1	-1	-1
501	0	6	0	2	-1	-1
469	14	8	2	-1	-1	-1
469	6	4	1	-1	-1	-1
469	14	8	1	-1	-1	-1
469	14	9	1	-1	-1	-1
469	6	4	2	-1	-1	-1
469	10	8	2	-1	-1	-1
469	14	9	5	-1	-1	-1
469	17	10	3	-1	-1	-1
469	14	2	2	-1	-1	-1
469	6	1	2	-1	-1	-1
468	1	0	0	-1	-1	-1
468	2	19	0	-1	-1	-1
468	2	1	0	-1	-1	-1
468	0	1	0	-1	-1	-1
468	2	0	0	-1	-1	-1
468	10	8	0	-1	-1	-1
468	11	0	0	-1	-1	-1
468	4	8	0	-1	-1	-1
468	0	1	1	-1	-1	-1
468	4	0	0	-1	-1	-1
465	0	0	0	3	0	-1
465	0	0	3	3	0	-1
465	0	0	0	1	0	-1
465	87	0	0	1	0	-1
465	0	0	4	3	0	-1
465	17	0	12	5	18	-1
465	20	11	5	17	24	-1
465	0	0	0	14	0	-1
465	0	0	7	1	0	-1
465	0	0	0	6	0	-1
464	0	0	1	0	-1	-1
464	1	0	1	1	-1	-1
464	12	0	1	1	-1	-1
464	1	0	1	0	-1	-1
464	0	3	1	0	-1	-1
464	0	3	0	0	-1	-1
464	0	0	1	1	-1	-1
464	1	1	1	0	-1	-1
464	0	0	0	0	-1	-1
464	0	1	0	0	-1	-1
467	7	5	6	1	-1	-1
467	13	6	6	0	-1	-1
467	7	5	6	0	-1	-1
467	8	6	6	1	-1	-1
467	8	6	6	0	-1	-1
467	8	6	6	2	-1	-1
467	0	0	2	0	-1	-1
467	13	6	6	13	-1	-1
467	8	10	6	2	-1	-1
467	13	6	6	5	-1	-1
466	0	0	0	2	3	-1
466	0	0	0	7	3	-1
466	0	0	0	0	2	-1
466	0	0	0	0	3	-1
466	0	0	0	13	3	-1
466	0	0	3	2	3	-1
466	0	0	0	0	0	-1
466	0	9	0	32	3	-1
466	1	0	17	0	3	-1
466	4	0	2	11	2	-1
461	1	0	0	-1	-1	-1
461	1	1	0	-1	-1	-1
461	1	7	0	-1	-1	-1
461	1	4	0	-1	-1	-1
461	18	0	0	-1	-1	-1
461	8	0	0	-1	-1	-1
461	1	0	2	-1	-1	-1
461	5	0	0	-1	-1	-1
461	8	1	21	-1	-1	-1
461	1	2	0	-1	-1	-1
460	0	0	1	-1	-1	-1
460	23	2	1	-1	-1	-1
460	27	0	4	-1	-1	-1
460	29	4	1	-1	-1	-1
460	10	1	1	-1	-1	-1
460	0	0	0	-1	-1	-1
460	7	0	1	-1	-1	-1
460	23	2	17	-1	-1	-1
460	22	0	1	-1	-1	-1
460	7	1	16	-1	-1	-1
463	0	5	1	-1	-1	-1
463	0	0	1	-1	-1	-1
463	1	5	1	-1	-1	-1
463	1	0	1	-1	-1	-1
463	0	0	0	-1	-1	-1
463	1	0	0	-1	-1	-1
463	1	5	0	-1	-1	-1
463	0	0	2	-1	-1	-1
463	1	0	2	-1	-1	-1
463	0	1	1	-1	-1	-1
462	5	3	3	1	2	-1
462	5	3	3	3	2	-1
462	5	3	3	1	6	-1
462	5	3	3	4	5	-1
462	5	3	3	2	2	-1
462	8	3	11	1	2	-1
462	9	27	3	5	5	-1
462	2	0	3	5	5	-1
462	3	6	2	5	2	-1
462	5	3	11	1	2	-1
168	0	0	3	-1	-1	-1
168	1	0	3	-1	-1	-1
168	2	0	3	-1	-1	-1
168	5	0	4	-1	-1	-1
168	5	0	3	-1	-1	-1
168	1	0	4	-1	-1	-1
168	3	0	3	-1	-1	-1
168	1	0	6	-1	-1	-1
168	0	0	6	-1	-1	-1
168	2	3	3	-1	-1	-1
169	2	2	-1	-1	-1	-1
169	2	0	-1	-1	-1	-1
169	23	2	-1	-1	-1	-1
169	1	2	-1	-1	-1	-1
169	0	2	-1	-1	-1	-1
169	2	3	-1	-1	-1	-1
169	23	0	-1	-1	-1	-1
169	1	0	-1	-1	-1	-1
169	7	2	-1	-1	-1	-1
169	1	1	-1	-1	-1	-1
164	0	3	4	-1	-1	-1
164	0	3	3	-1	-1	-1
164	0	3	2	-1	-1	-1
164	0	0	2	-1	-1	-1
164	0	4	4	-1	-1	-1
164	0	2	4	-1	-1	-1
164	1	4	4	-1	-1	-1
164	0	0	0	-1	-1	-1
164	1	4	3	-1	-1	-1
164	0	0	4	-1	-1	-1
165	2	1	5	4	-1	-1
165	2	5	5	4	-1	-1
165	2	1	3	4	-1	-1
165	2	0	5	4	-1	-1
165	2	5	3	4	-1	-1
165	2	5	5	3	-1	-1
165	3	1	4	4	-1	-1
165	2	5	3	3	-1	-1
165	3	5	4	4	-1	-1
165	2	2	3	4	-1	-1
166	7	2	2	-1	-1	-1
166	26	22	22	-1	-1	-1
166	36	2	28	-1	-1	-1
166	12	2	2	-1	-1	-1
166	7	24	2	-1	-1	-1
166	7	2	3	-1	-1	-1
166	7	2	20	-1	-1	-1
166	10	2	8	-1	-1	-1
166	10	2	40	-1	-1	-1
166	10	8	40	-1	-1	-1
167	13	0	2	-1	-1	-1
167	4	0	0	-1	-1	-1
167	13	0	1	-1	-1	-1
167	9	0	2	-1	-1	-1
167	20	0	0	-1	-1	-1
167	9	0	1	-1	-1	-1
167	49	0	26	-1	-1	-1
167	35	0	2	-1	-1	-1
167	4	0	2	-1	-1	-1
167	20	0	1	-1	-1	-1
160	3	1	15	1	2	-1
160	3	0	7	1	2	-1
160	3	3	15	1	2	-1
160	3	0	1	1	2	-1
160	3	1	1	1	2	-1
160	3	0	15	1	2	-1
160	3	3	1	1	2	-1
160	3	3	7	1	2	-1
160	0	3	5	1	0	-1
160	3	0	8	1	2	-1
161	28	1	18	32	14	-1
161	28	1	19	0	17	-1
161	28	1	18	13	2	-1
161	28	1	18	0	17	-1
161	9	1	8	13	8	-1
161	28	1	18	76	17	-1
161	27	1	18	13	2	-1
161	28	1	18	0	7	-1
161	28	1	19	51	17	-1
161	28	1	19	51	52	-1
162	0	0	0	0	-1	-1
162	2	13	1	1	-1	-1
162	2	6	1	1	-1	-1
162	0	0	1	0	-1	-1
162	13	0	0	0	-1	-1
162	0	5	0	0	-1	-1
162	2	6	5	1	-1	-1
162	1	0	0	0	-1	-1
162	0	0	0	4	-1	-1
162	2	2	1	1	-1	-1
163	0	1	4	2	-1	-1
163	0	1	4	15	-1	-1
163	0	1	4	4	-1	-1
163	0	1	4	20	-1	-1
163	11	1	5	3	-1	-1
163	0	0	3	2	-1	-1
163	1	1	5	3	-1	-1
163	0	1	4	19	-1	-1
163	0	1	5	2	-1	-1
163	6	1	2	25	-1	-1
9	1	0	0	-1	-1	-1
9	2	0	1	-1	-1	-1
9	1	0	1	-1	-1	-1
9	7	0	0	-1	-1	-1
9	4	0	0	-1	-1	-1
9	4	0	1	-1	-1	-1
9	7	0	1	-1	-1	-1
9	2	0	0	-1	-1	-1
9	1	3	0	-1	-1	-1
9	0	0	0	-1	-1	-1
357	6	1	1	-1	-1	-1
357	6	9	1	-1	-1	-1
357	8	7	4	-1	-1	-1
357	8	46	4	-1	-1	-1
357	7	7	1	-1	-1	-1
357	6	7	1	-1	-1	-1
357	8	9	1	-1	-1	-1
357	6	0	1	-1	-1	-1
357	32	0	1	-1	-1	-1
357	8	1	1	-1	-1	-1
356	1	1	1	1	-1	-1
356	1	5	1	1	-1	-1
356	1	2	1	1	-1	-1
356	6	4	1	1	-1	-1
356	1	4	1	1	-1	-1
356	1	0	1	1	-1	-1
356	6	2	1	1	-1	-1
356	1	1	3	1	-1	-1
356	1	12	1	1	-1	-1
356	1	2	0	1	-1	-1
355	1	1	2	1	0	0
355	1	1	2	0	0	0
355	1	1	2	2	0	0
355	0	1	2	0	0	0
355	1	0	6	1	0	0
355	0	0	0	0	0	0
355	1	1	2	15	0	0
355	2	1	2	1	2	2
355	2	0	1	8	2	2
355	1	1	2	11	0	0
354	2	0	4	1	-1	-1
354	2	0	7	0	-1	-1
354	0	0	7	0	-1	-1
354	2	0	2	1	-1	-1
354	2	11	4	1	-1	-1
354	2	0	0	0	-1	-1
354	0	0	0	0	-1	-1
354	2	0	4	0	-1	-1
354	37	0	4	1	-1	-1
354	2	3	4	8	-1	-1
353	0	0	8	1	-1	-1
353	0	0	3	2	-1	-1
353	0	0	3	1	-1	-1
353	0	0	4	1	-1	-1
353	0	0	7	1	-1	-1
353	0	0	7	0	-1	-1
353	0	0	5	1	-1	-1
353	0	0	4	3	-1	-1
353	0	1	1	1	-1	-1
353	0	0	2	3	-1	-1
352	0	2	2	0	-1	-1
352	0	2	0	6	-1	-1
352	0	2	7	0	-1	-1
352	0	2	14	0	-1	-1
352	0	2	4	17	-1	-1
352	0	2	2	6	-1	-1
352	0	2	0	0	-1	-1
352	0	2	4	0	-1	-1
352	0	2	14	4	-1	-1
352	0	2	7	4	-1	-1
351	12	11	7	12	-1	-1
351	0	1	3	2	-1	-1
351	0	14	3	4	-1	-1
351	46	41	26	68	-1	-1
351	0	16	3	2	-1	-1
351	0	10	3	9	-1	-1
351	12	11	6	9	-1	-1
351	15	46	3	9	-1	-1
351	15	8	3	15	-1	-1
351	0	8	2	9	-1	-1
350	6	29	11	0	-1	-1
350	0	11	11	0	-1	-1
350	0	11	12	1	-1	-1
350	0	9	1	1	-1	-1
350	0	11	1	0	-1	-1
350	7	11	13	0	-1	-1
350	6	27	12	1	-1	-1
350	0	9	6	1	-1	-1
350	0	5	6	1	-1	-1
350	0	11	2	0	-1	-1
359	0	0	-1	-1	-1	-1
359	2	0	-1	-1	-1	-1
359	0	2	-1	-1	-1	-1
359	9	0	-1	-1	-1	-1
359	2	2	-1	-1	-1	-1
359	1	0	-1	-1	-1	-1
359	2	4	-1	-1	-1	-1
359	2	8	-1	-1	-1	-1
359	9	2	-1	-1	-1	-1
359	20	0	-1	-1	-1	-1
358	1	2	2	1	-1	-1
358	1	2	2	0	-1	-1
358	11	1	27	0	-1	-1
358	1	1	0	1	-1	-1
358	1	2	2	3	-1	-1
358	1	1	2	1	-1	-1
358	9	1	0	0	-1	-1
358	11	1	26	2	-1	-1
358	9	1	3	2	-1	-1
358	1	1	0	0	-1	-1
216	3	3	1	-1	-1	-1
216	3	5	1	-1	-1	-1
216	1	5	1	-1	-1	-1
216	3	30	1	-1	-1	-1
216	19	3	1	-1	-1	-1
216	4	3	2	-1	-1	-1
216	6	5	1	-1	-1	-1
216	3	1	1	-1	-1	-1
216	7	3	1	-1	-1	-1
216	1	5	0	-1	-1	-1
217	1	1	11	24	12	-1
217	4	2	0	0	3	-1
217	8	6	0	0	5	-1
217	49	58	11	14	11	-1
217	0	0	0	0	3	-1
217	1	1	0	2	5	-1
217	8	6	0	0	6	-1
217	2	2	0	0	3	-1
217	2	2	0	31	3	-1
217	4	2	0	3	3	-1
214	2	1	1	-1	-1	-1
214	2	3	2	-1	-1	-1
214	2	3	3	-1	-1	-1
214	2	1	3	-1	-1	-1
214	2	3	1	-1	-1	-1
214	2	1	2	-1	-1	-1
214	0	3	3	-1	-1	-1
214	7	1	1	-1	-1	-1
214	4	1	3	-1	-1	-1
214	7	1	3	-1	-1	-1
215	10	0	-1	-1	-1	-1
215	3	0	-1	-1	-1	-1
215	11	2	-1	-1	-1	-1
215	11	4	-1	-1	-1	-1
215	10	4	-1	-1	-1	-1
215	3	4	-1	-1	-1	-1
215	6	0	-1	-1	-1	-1
215	11	0	-1	-1	-1	-1
215	10	2	-1	-1	-1	-1
215	4	0	-1	-1	-1	-1
212	0	0	-1	-1	-1	-1
212	10	0	-1	-1	-1	-1
212	5	0	-1	-1	-1	-1
212	15	0	-1	-1	-1	-1
212	52	0	-1	-1	-1	-1
212	6	0	-1	-1	-1	-1
212	11	0	-1	-1	-1	-1
212	13	0	-1	-1	-1	-1
212	17	0	-1	-1	-1	-1
212	16	0	-1	-1	-1	-1
213	1	2	0	2	-1	-1
213	1	4	0	1	-1	-1
213	1	2	1	2	-1	-1
213	1	0	0	2	-1	-1
213	14	2	0	2	-1	-1
213	1	2	0	10	-1	-1
213	1	4	0	2	-1	-1
213	2	0	1	2	-1	-1
213	1	4	0	10	-1	-1
213	2	2	1	2	-1	-1
210	1	2	69	112	0	-1
210	0	2	3	28	0	-1
210	0	2	3	28	1	-1
210	0	2	14	19	0	-1
210	0	2	1	27	0	-1
210	4	2	31	46	0	-1
210	1	2	14	11	0	-1
210	4	2	31	73	0	-1
210	1	2	14	38	0	-1
210	7	2	17	41	1	-1
211	0	6	0	-1	-1	-1
211	5	8	1	-1	-1	-1
211	5	6	3	-1	-1	-1
211	5	0	1	-1	-1	-1
211	0	6	3	-1	-1	-1
211	5	0	3	-1	-1	-1
211	5	20	1	-1	-1	-1
211	1	3	3	-1	-1	-1
211	5	17	3	-1	-1	-1
211	0	3	0	-1	-1	-1
218	2	2	2	0	-1	-1
218	0	0	0	0	-1	-1
218	56	1	3	0	-1	-1
218	3	83	37	0	-1	-1
218	0	0	3	0	-1	-1
218	4	2	3	0	-1	-1
218	56	6	3	0	-1	-1
218	51	2	47	0	-1	-1
218	8	4	8	3	-1	-1
218	3	1	3	0	-1	-1
219	0	8	2	1	0	-1
219	0	8	0	1	0	-1
219	0	8	3	1	0	-1
219	0	8	8	1	0	-1
219	0	7	2	1	5	-1
219	0	8	7	1	0	-1
219	0	7	7	1	5	-1
219	0	7	6	1	5	-1
219	0	7	2	0	5	-1
219	0	0	0	0	5	-1
289	1	0	2	1	1	-1
289	1	0	2	3	5	-1
289	1	0	7	5	5	-1
289	1	0	6	2	5	-1
289	1	0	3	10	13	-1
289	1	0	2	5	5	-1
289	1	0	7	3	5	-1
289	1	0	7	10	12	-1
289	1	0	1	2	5	-1
289	1	0	11	1	5	-1
288	123	23	44	21	-1	-1
288	78	63	34	3	-1	-1
288	7	29	1	0	-1	-1
288	141	29	5	1	-1	-1
288	7	3	21	9	-1	-1
288	13	2	5	0	-1	-1
288	13	2	9	1	-1	-1
288	55	23	21	1	-1	-1
288	7	29	5	1	-1	-1
288	106	135	5	1	-1	-1
4	0	3	1	-1	-1	-1
4	0	3	3	-1	-1	-1
4	0	0	5	-1	-1	-1
4	0	17	11	-1	-1	-1
4	0	3	5	-1	-1	-1
4	0	15	3	-1	-1	-1
4	0	15	5	-1	-1	-1
4	0	3	0	-1	-1	-1
4	0	3	2	-1	-1	-1
4	0	15	14	-1	-1	-1
281	0	1	0	-1	-1	-1
281	0	3	2	-1	-1	-1
281	0	3	0	-1	-1	-1
281	0	1	2	-1	-1	-1
281	0	4	0	-1	-1	-1
281	0	4	2	-1	-1	-1
281	0	11	0	-1	-1	-1
281	0	11	2	-1	-1	-1
281	0	2	0	-1	-1	-1
281	0	2	2	-1	-1	-1
280	4	1	-1	-1	-1	-1
280	4	0	-1	-1	-1	-1
280	5	0	-1	-1	-1	-1
280	6	1	-1	-1	-1	-1
280	3	1	-1	-1	-1	-1
280	2	0	-1	-1	-1	-1
280	3	0	-1	-1	-1	-1
280	6	0	-1	-1	-1	-1
280	2	1	-1	-1	-1	-1
280	1	0	-1	-1	-1	-1
283	0	6	9	3	-1	-1
283	7	6	10	3	-1	-1
283	0	0	9	3	-1	-1
283	1	0	10	3	-1	-1
283	0	6	9	8	-1	-1
283	0	0	9	8	-1	-1
283	0	6	3	9	-1	-1
283	0	0	9	9	-1	-1
283	7	6	10	4	-1	-1
283	23	6	39	4	-1	-1
282	0	0	6	1	-1	-1
282	0	0	1	1	-1	-1
282	0	0	2	1	-1	-1
282	0	0	6	0	-1	-1
282	0	0	8	1	-1	-1
282	0	0	2	0	-1	-1
282	33	0	2	1	-1	-1
282	0	0	1	0	-1	-1
282	0	0	8	0	-1	-1
282	6	0	2	1	-1	-1
285	0	8	33	1	-1	-1
285	0	14	26	2	-1	-1
285	0	14	30	2	-1	-1
285	0	14	33	2	-1	-1
285	0	14	31	2	-1	-1
285	0	10	33	3	-1	-1
285	0	10	11	0	-1	-1
285	0	25	30	13	-1	-1
285	0	24	32	2	-1	-1
285	0	31	33	1	-1	-1
284	0	2	0	2	0	-1
284	0	2	0	3	0	-1
284	0	3	0	3	0	-1
284	0	3	0	2	0	-1
284	2	4	3	1	0	-1
284	2	4	3	3	0	-1
284	0	0	0	1	0	-1
284	0	2	0	8	0	-1
284	0	3	0	2	1	-1
284	0	2	0	1	0	-1
287	1	1	0	4	-1	-1
287	1	1	0	1	-1	-1
287	0	0	0	0	-1	-1
287	1	1	0	0	-1	-1
287	1	6	0	0	-1	-1
287	0	1	0	0	-1	-1
287	1	8	0	4	-1	-1
287	1	1	0	3	-1	-1
287	0	0	0	1	-1	-1
287	1	2	0	4	-1	-1
286	2	1	1	2	-1	-1
286	2	1	3	2	-1	-1
286	2	6	12	2	-1	-1
286	27	62	15	0	-1	-1
286	3	9	1	1	-1	-1
286	2	6	3	2	-1	-1
286	1	0	6	1	-1	-1
286	1	0	12	1	-1	-1
286	13	13	1	0	-1	-1
286	16	19	0	3	-1	-1
263	3	0	3	1	-1	-1
263	4	0	3	1	-1	-1
263	1	0	3	1	-1	-1
263	15	0	3	1	-1	-1
263	3	12	3	1	-1	-1
263	26	0	3	3	-1	-1
263	0	0	3	1	-1	-1
263	2	0	3	1	-1	-1
263	4	0	2	1	-1	-1
263	1	8	3	1	-1	-1
262	9	8	8	-1	-1	-1
262	10	7	8	-1	-1	-1
262	1	1	0	-1	-1	-1
262	13	9	8	-1	-1	-1
262	10	8	8	-1	-1	-1
262	10	14	8	-1	-1	-1
262	12	7	8	-1	-1	-1
262	0	0	0	-1	-1	-1
262	3	3	0	-1	-1	-1
262	3	3	4	-1	-1	-1
261	0	90	1	1	-1	-1
261	3	40	1	1	-1	-1
261	3	40	0	1	-1	-1
261	3	112	1	1	-1	-1
261	0	89	15	1	-1	-1
261	0	90	0	1	-1	-1
261	0	89	1	1	-1	-1
261	0	16	0	2	-1	-1
261	3	40	2	1	-1	-1
261	0	89	0	1	-1	-1
260	11	0	9	-1	-1	-1
260	36	0	31	-1	-1	-1
260	8	0	7	-1	-1	-1
260	11	28	9	-1	-1	-1
260	1	0	0	-1	-1	-1
260	19	0	16	-1	-1	-1
260	11	2	9	-1	-1	-1
260	8	3	7	-1	-1	-1
260	72	28	68	-1	-1	-1
260	32	0	26	-1	-1	-1
267	0	24	0	0	-1	-1
267	6	2	0	0	-1	-1
267	0	2	0	5	-1	-1
267	0	2	0	0	-1	-1
267	3	0	6	2	-1	-1
267	3	0	6	0	-1	-1
267	6	0	0	0	-1	-1
267	6	1	0	5	-1	-1
267	6	8	0	0	-1	-1
267	0	0	0	0	-1	-1
266	9	6	2	-1	-1	-1
266	6	3	1	-1	-1	-1
266	9	6	1	-1	-1	-1
266	9	6	0	-1	-1	-1
266	9	1	2	-1	-1	-1
266	9	3	1	-1	-1	-1
266	69	6	8	-1	-1	-1
266	9	1	0	-1	-1	-1
266	25	6	2	-1	-1	-1
266	42	43	1	-1	-1	-1
265	7	6	2	-1	-1	-1
265	1	1	0	-1	-1	-1
265	0	1	0	-1	-1	-1
265	7	23	2	-1	-1	-1
265	7	6	1	-1	-1	-1
265	5	6	0	-1	-1	-1
265	15	1	0	-1	-1	-1
265	15	6	0	-1	-1	-1
265	0	1	7	-1	-1	-1
265	7	8	1	-1	-1	-1
264	0	0	1	0	-1	-1
264	0	0	7	0	-1	-1
264	0	0	0	0	-1	-1
264	16	0	15	0	-1	-1
264	6	0	7	0	-1	-1
264	0	0	4	0	-1	-1
264	6	0	17	0	-1	-1
264	25	0	13	0	-1	-1
264	0	0	3	0	-1	-1
264	0	0	1	1	-1	-1
269	1	3	0	-1	-1	-1
269	7	6	0	-1	-1	-1
269	1	6	0	-1	-1	-1
269	7	4	0	-1	-1	-1
269	4	4	0	-1	-1	-1
269	0	4	0	-1	-1	-1
269	4	6	0	-1	-1	-1
269	1	4	0	-1	-1	-1
269	0	3	0	-1	-1	-1
269	4	4	1	-1	-1	-1
268	9	8	1	2	-1	-1
268	9	8	3	2	-1	-1
268	1	1	1	0	-1	-1
268	9	8	2	0	-1	-1
268	16	8	1	2	-1	-1
268	9	10	2	2	-1	-1
268	9	8	1	0	-1	-1
268	1	0	1	0	-1	-1
268	9	8	1	1	-1	-1
268	5	0	1	0	-1	-1
59	1	0	1	-1	-1	-1
59	1	21	1	-1	-1	-1
59	1	2	1	-1	-1	-1
59	1	4	1	-1	-1	-1
59	16	4	1	-1	-1	-1
59	16	2	1	-1	-1	-1
59	11	0	1	-1	-1	-1
59	18	0	1	-1	-1	-1
59	24	25	19	-1	-1	-1
59	57	0	1	-1	-1	-1
58	14	2	3	2	-1	-1
58	2	2	3	2	-1	-1
58	2	2	6	2	-1	-1
58	0	7	13	7	-1	-1
58	12	14	23	19	-1	-1
58	3	2	5	4	-1	-1
58	3	2	3	4	-1	-1
58	0	2	3	2	-1	-1
58	24	2	3	2	-1	-1
58	0	2	7	2	-1	-1
55	3	3	2	4	-1	-1
55	3	3	2	3	-1	-1
55	3	43	2	2	-1	-1
55	8	3	0	11	-1	-1
55	3	94	2	3	-1	-1
55	94	3	7	8	-1	-1
55	3	0	2	2	-1	-1
55	8	0	0	4	-1	-1
55	0	3	0	8	-1	-1
55	8	3	2	3	-1	-1
54	1	0	1	1	-1	-1
54	0	0	1	1	-1	-1
54	4	0	1	1	-1	-1
54	1	4	9	0	-1	-1
54	4	0	0	0	-1	-1
54	1	8	0	0	-1	-1
54	6	4	1	1	-1	-1
54	1	17	0	0	-1	-1
54	4	3	0	0	-1	-1
54	1	4	13	5	-1	-1
57	2	1	0	0	-1	-1
57	2	1	0	2	-1	-1
57	1	1	5	2	-1	-1
57	1	10	0	0	-1	-1
57	1	1	0	0	-1	-1
57	2	1	2	2	-1	-1
57	6	1	0	0	-1	-1
57	1	10	7	0	-1	-1
57	2	16	5	0	-1	-1
57	6	1	5	0	-1	-1
56	4	0	2	7	-1	-1
56	0	5	8	9	-1	-1
56	4	0	4	7	-1	-1
56	1	17	8	9	-1	-1
56	0	2	0	70	-1	-1
56	1	1	0	3	-1	-1
56	59	0	2	7	-1	-1
56	1	18	1	3	-1	-1
56	2	0	0	3	-1	-1
56	1	1	1	3	-1	-1
51	3	1	1	-1	-1	-1
51	7	1	1	-1	-1	-1
51	5	1	1	-1	-1	-1
51	11	1	1	-1	-1	-1
51	0	1	1	-1	-1	-1
51	4	1	1	-1	-1	-1
51	2	1	1	-1	-1	-1
51	5	1	0	-1	-1	-1
51	21	1	1	-1	-1	-1
51	0	1	12	-1	-1	-1
258	5	0	9	4	0	-1
258	16	0	9	4	0	-1
258	2	10	3	3	6	-1
258	28	2	7	0	0	-1
258	2	0	3	4	6	-1
258	5	0	9	0	0	-1
258	2	0	9	4	0	-1
258	1	2	0	0	0	-1
258	2	4	9	5	6	-1
258	0	2	6	2	1	-1
53	0	1	3	-1	-1	-1
53	0	5	20	-1	-1	-1
53	0	5	3	-1	-1	-1
53	0	1	20	-1	-1	-1
53	0	1	1	-1	-1	-1
53	0	5	1	-1	-1	-1
53	0	8	3	-1	-1	-1
53	0	1	0	-1	-1	-1
53	0	11	3	-1	-1	-1
53	0	1	2	-1	-1	-1
52	0	2	3	-1	-1	-1
52	2	2	3	-1	-1	-1
52	0	8	1	-1	-1	-1
52	4	22	30	-1	-1	-1
52	2	8	19	-1	-1	-1
52	0	8	11	-1	-1	-1
52	3	11	3	-1	-1	-1
52	0	22	34	-1	-1	-1
52	0	36	11	-1	-1	-1
52	0	36	13	-1	-1	-1
259	21	4	0	-1	-1	-1
259	21	1	0	-1	-1	-1
259	67	0	4	-1	-1	-1
259	1	4	0	-1	-1	-1
259	12	3	0	-1	-1	-1
259	16	2	0	-1	-1	-1
259	33	0	2	-1	-1	-1
259	127	6	62	-1	-1	-1
259	23	0	0	-1	-1	-1
259	21	6	0	-1	-1	-1
50	2	0	0	-1	-1	-1
50	2	0	3	-1	-1	-1
50	0	0	0	-1	-1	-1
50	0	1	0	-1	-1	-1
50	1	0	0	-1	-1	-1
50	2	5	0	-1	-1	-1
50	1	1	0	-1	-1	-1
50	2	3	0	-1	-1	-1
50	3	14	0	-1	-1	-1
50	1	1	3	-1	-1	-1
115	15	7	1	0	-1	-1
115	2	5	1	1	-1	-1
115	97	85	1	18	-1	-1
115	15	5	1	0	-1	-1
115	0	5	1	6	-1	-1
115	11	5	1	0	-1	-1
115	153	5	1	1	-1	-1
115	3	7	1	0	-1	-1
115	12	5	1	0	-1	-1
115	97	2	1	18	-1	-1
114	5	0	2	-1	-1	-1
114	5	0	0	-1	-1	-1
114	14	0	5	-1	-1	-1
114	7	0	5	-1	-1	-1
114	21	0	11	-1	-1	-1
114	8	0	0	-1	-1	-1
114	6	0	5	-1	-1	-1
114	40	0	10	-1	-1	-1
114	7	8	5	-1	-1	-1
114	5	0	4	-1	-1	-1
117	0	5	0	-1	-1	-1
117	0	1	0	-1	-1	-1
117	0	0	0	-1	-1	-1
117	0	1	11	-1	-1	-1
117	0	5	11	-1	-1	-1
117	0	7	0	-1	-1	-1
117	0	7	11	-1	-1	-1
117	0	5	36	-1	-1	-1
117	0	1	2	-1	-1	-1
117	0	1	13	-1	-1	-1
116	3	6	1	1	-1	-1
116	3	3	1	1	-1	-1
116	13	8	1	1	-1	-1
116	3	0	3	17	-1	-1
116	14	0	1	1	-1	-1
116	15	0	3	8	-1	-1
116	3	8	1	1	-1	-1
116	4	0	3	10	-1	-1
116	18	6	8	1	-1	-1
116	32	8	9	2	-1	-1
111	2	6	0	0	-1	-1
111	9	16	1	0	-1	-1
111	1	5	0	0	-1	-1
111	0	0	0	0	-1	-1
111	21	12	0	0	-1	-1
111	10	5	1	0	-1	-1
111	18	14	0	0	-1	-1
111	33	25	0	0	-1	-1
111	62	55	0	0	-1	-1
111	36	27	0	0	-1	-1
110	4	0	1	-1	-1	-1
110	4	4	1	-1	-1	-1
110	7	0	1	-1	-1	-1
110	4	6	1	-1	-1	-1
110	4	8	1	-1	-1	-1
110	4	0	0	-1	-1	-1
110	1	0	0	-1	-1	-1
110	1	0	6	-1	-1	-1
110	1	0	1	-1	-1	-1
110	4	1	1	-1	-1	-1
113	12	0	-1	-1	-1	-1
113	19	0	-1	-1	-1	-1
113	7	5	-1	-1	-1	-1
113	7	3	-1	-1	-1	-1
113	0	0	-1	-1	-1	-1
113	31	0	-1	-1	-1	-1
113	19	3	-1	-1	-1	-1
113	6	0	-1	-1	-1	-1
113	5	5	-1	-1	-1	-1
113	16	0	-1	-1	-1	-1
112	0	2	0	1	-1	-1
112	9	2	2	7	-1	-1
112	0	4	6	7	-1	-1
112	0	0	0	1	-1	-1
112	0	3	0	1	-1	-1
112	0	4	0	1	-1	-1
112	9	2	0	1	-1	-1
112	0	5	0	1	-1	-1
112	9	2	1	1	-1	-1
112	9	2	5	7	-1	-1
119	0	0	-1	-1	-1	-1
119	0	2	-1	-1	-1	-1
119	0	1	-1	-1	-1	-1
119	0	8	-1	-1	-1	-1
119	6	0	-1	-1	-1	-1
119	20	19	-1	-1	-1	-1
119	5	8	-1	-1	-1	-1
119	5	1	-1	-1	-1	-1
119	0	7	-1	-1	-1	-1
119	20	0	-1	-1	-1	-1
118	0	0	1	7	3	-1
118	0	0	2	7	3	-1
118	4	0	1	7	6	-1
118	0	0	1	7	6	-1
118	0	0	37	7	0	-1
118	0	0	2	7	0	-1
118	0	0	4	6	3	-1
118	4	0	1	7	3	-1
118	0	0	41	0	0	-1
118	0	0	9	7	3	-1
429	1	1	5	-1	-1	-1
429	2	21	14	-1	-1	-1
429	2	8	1	-1	-1	-1
429	1	21	14	-1	-1	-1
429	2	0	0	-1	-1	-1
429	2	8	4	-1	-1	-1
429	2	33	14	-1	-1	-1
429	2	6	1	-1	-1	-1
429	22	8	4	-1	-1	-1
429	2	6	34	-1	-1	-1
428	40	4	4	5	-1	-1
428	21	4	4	5	-1	-1
428	6	4	0	4	-1	-1
428	59	106	79	6	-1	-1
428	15	4	4	5	-1	-1
428	20	0	15	0	-1	-1
428	16	4	0	1	-1	-1
428	20	1	15	10	-1	-1
428	15	4	2	4	-1	-1
428	20	2	15	10	-1	-1
421	13	-1	-1	-1	-1	-1
421	18	-1	-1	-1	-1	-1
421	3	-1	-1	-1	-1	-1
421	27	-1	-1	-1	-1	-1
421	0	-1	-1	-1	-1	-1
421	14	-1	-1	-1	-1	-1
421	34	-1	-1	-1	-1	-1
421	22	-1	-1	-1	-1	-1
421	12	-1	-1	-1	-1	-1
421	29	-1	-1	-1	-1	-1
420	28	4	-1	-1	-1	-1
420	34	4	-1	-1	-1	-1
420	7	4	-1	-1	-1	-1
420	7	0	-1	-1	-1	-1
420	34	0	-1	-1	-1	-1
420	10	4	-1	-1	-1	-1
420	10	3	-1	-1	-1	-1
420	28	0	-1	-1	-1	-1
420	12	4	-1	-1	-1	-1
420	13	4	-1	-1	-1	-1
423	6	0	1	-1	-1	-1
423	2	0	1	-1	-1	-1
423	0	0	1	-1	-1	-1
423	2	1	1	-1	-1	-1
423	6	0	0	-1	-1	-1
423	0	0	0	-1	-1	-1
423	2	8	1	-1	-1	-1
423	0	8	1	-1	-1	-1
423	6	2	1	-1	-1	-1
423	2	0	0	-1	-1	-1
422	4	7	10	3	6	-1
422	4	8	10	3	6	-1
422	7	17	10	3	6	-1
422	10	7	10	8	6	-1
422	9	7	10	7	6	-1
422	15	7	10	3	6	-1
422	9	7	10	8	6	-1
422	9	7	32	3	6	-1
422	44	7	10	7	6	-1
422	43	7	10	7	6	-1
425	7	4	0	2	1	-1
425	7	4	0	0	2	-1
425	7	4	0	8	1	-1
425	7	4	0	2	2	-1
425	20	14	11	0	2	-1
425	7	4	0	8	2	-1
425	14	14	11	0	2	-1
425	20	82	6	1	1	-1
425	21	1	11	1	1	-1
425	7	4	0	0	1	-1
424	4	29	26	4	19	-1
424	4	8	26	20	19	-1
424	29	7	28	4	19	-1
424	4	7	28	4	19	-1
424	4	7	26	4	19	-1
424	29	8	26	4	2	-1
424	72	6	26	4	2	-1
424	0	8	26	4	2	-1
424	4	5	26	4	2	-1
424	29	29	26	4	19	-1
427	0	0	-1	-1	-1	-1
427	11	4	-1	-1	-1	-1
427	11	7	-1	-1	-1	-1
427	10	0	-1	-1	-1	-1
427	9	6	-1	-1	-1	-1
427	10	7	-1	-1	-1	-1
427	10	4	-1	-1	-1	-1
427	3	6	-1	-1	-1	-1
427	0	6	-1	-1	-1	-1
427	3	0	-1	-1	-1	-1
426	2	0	3	3	-1	-1
426	2	1	3	3	-1	-1
426	2	0	2	3	-1	-1
426	4	4	7	3	-1	-1
426	2	4	3	3	-1	-1
426	0	4	7	0	-1	-1
426	2	0	10	3	-1	-1
426	5	33	10	1	-1	-1
426	0	0	10	1	-1	-1
426	0	2	1	0	-1	-1
308	1	0	7	1	0	-1
308	56	27	33	11	0	-1
308	10	1	39	24	0	-1
308	27	24	32	1	0	-1
308	27	13	4	0	0	-1
308	81	26	4	0	0	-1
308	64	1	18	16	6	-1
308	100	28	18	0	0	-1
308	1	16	4	0	0	-1
308	50	22	11	0	1	-1
309	0	0	0	-1	-1	-1
309	0	2	0	-1	-1	-1
309	0	1	0	-1	-1	-1
309	0	5	0	-1	-1	-1
309	0	0	1	-1	-1	-1
309	0	0	6	-1	-1	-1
309	0	4	0	-1	-1	-1
309	0	2	1	-1	-1	-1
309	0	2	6	-1	-1	-1
309	0	0	7	-1	-1	-1
300	5	10	-1	-1	-1	-1
300	1	0	-1	-1	-1	-1
300	1	4	-1	-1	-1	-1
300	8	10	-1	-1	-1	-1
300	1	9	-1	-1	-1	-1
300	4	10	-1	-1	-1	-1
300	1	10	-1	-1	-1	-1
300	1	5	-1	-1	-1	-1
300	8	15	-1	-1	-1	-1
300	4	0	-1	-1	-1	-1
301	0	3	0	-1	-1	-1
301	5	2	2	-1	-1	-1
301	1	2	0	-1	-1	-1
301	0	2	2	-1	-1	-1
301	1	2	2	-1	-1	-1
301	0	4	2	-1	-1	-1
301	0	3	1	-1	-1	-1
301	1	2	5	-1	-1	-1
301	5	2	1	-1	-1	-1
301	5	12	1	-1	-1	-1
302	29	3	5	-1	-1	-1
302	12	3	5	-1	-1	-1
302	12	0	5	-1	-1	-1
302	29	0	5	-1	-1	-1
302	30	3	5	-1	-1	-1
302	48	3	5	-1	-1	-1
302	31	3	5	-1	-1	-1
302	139	3	5	-1	-1	-1
302	3	3	0	-1	-1	-1
302	3	0	0	-1	-1	-1
303	0	1	0	1	-1	-1
303	0	2	0	1	-1	-1
303	0	1	1	1	-1	-1
303	0	11	0	1	-1	-1
303	1	3	0	1	-1	-1
303	0	0	0	1	-1	-1
303	1	1	1	1	-1	-1
303	0	3	0	1	-1	-1
303	0	16	1	1	-1	-1
303	0	12	0	1	-1	-1
304	5	1	-1	-1	-1	-1
304	0	1	-1	-1	-1	-1
304	2	3	-1	-1	-1	-1
304	1	1	-1	-1	-1	-1
304	3	1	-1	-1	-1	-1
304	2	1	-1	-1	-1	-1
304	3	3	-1	-1	-1	-1
304	2	2	-1	-1	-1	-1
304	5	3	-1	-1	-1	-1
304	2	13	-1	-1	-1	-1
305	27	11	12	5	0	-1
305	4	13	1	7	10	-1
305	0	11	12	5	0	-1
305	4	11	12	5	10	-1
305	64	13	1	7	175	-1
305	8	11	12	5	20	-1
305	132	7	2	7	0	-1
305	4	2	1	7	10	-1
305	4	2	8	1	10	-1
305	4	11	12	1	10	-1
306	7	1	3	-1	-1	-1
306	7	0	10	-1	-1	-1
306	7	1	22	-1	-1	-1
306	7	1	10	-1	-1	-1
306	2	0	6	-1	-1	-1
306	7	1	5	-1	-1	-1
306	7	0	7	-1	-1	-1
306	2	0	3	-1	-1	-1
306	2	0	10	-1	-1	-1
306	7	1	7	-1	-1	-1
307	0	0	0	0	1	-1
307	0	9	0	0	1	-1
307	1	0	5	0	1	-1
307	2	3	5	0	1	-1
307	1	0	0	0	1	-1
307	2	0	5	0	1	-1
307	2	0	0	1	1	-1
307	0	0	5	0	1	-1
307	0	0	0	1	1	-1
307	0	9	0	0	0	-1
181	3	2	0	-1	-1	-1
181	7	2	0	-1	-1	-1
181	7	22	0	-1	-1	-1
181	1	10	0	-1	-1	-1
181	7	0	0	-1	-1	-1
181	42	2	0	-1	-1	-1
181	8	1	0	-1	-1	-1
181	7	5	0	-1	-1	-1
181	16	10	10	-1	-1	-1
181	7	1	0	-1	-1	-1
229	9	9	2	-1	-1	-1
229	14	3	2	-1	-1	-1
229	6	10	2	-1	-1	-1
229	56	4	51	-1	-1	-1
229	6	3	2	-1	-1	-1
229	6	3	11	-1	-1	-1
229	8	3	2	-1	-1	-1
229	6	4	2	-1	-1	-1
229	6	11	2	-1	-1	-1
229	0	1	1	-1	-1	-1
228	0	0	0	0	0	-1
228	0	1	0	0	0	-1
228	0	1	1	0	0	-1
228	1	0	0	0	0	-1
228	0	0	0	1	0	-1
228	0	3	0	0	0	-1
228	0	1	1	2	0	-1
228	1	1	0	0	0	-1
228	0	3	1	2	0	-1
228	0	1	4	0	0	-1
227	1	1	-1	-1	-1	-1
227	2	1	-1	-1	-1	-1
227	0	1	-1	-1	-1	-1
227	2	0	-1	-1	-1	-1
227	0	0	-1	-1	-1	-1
227	1	12	-1	-1	-1	-1
227	1	0	-1	-1	-1	-1
227	1	14	-1	-1	-1	-1
227	7	0	-1	-1	-1	-1
227	7	14	-1	-1	-1	-1
226	0	0	9	1	-1	-1
226	5	1	7	2	-1	-1
226	5	1	9	2	-1	-1
226	0	0	5	1	-1	-1
226	12	2	9	0	-1	-1
226	12	2	14	0	-1	-1
226	0	0	6	1	-1	-1
226	5	1	5	2	-1	-1
226	5	1	9	11	-1	-1
226	0	0	8	1	-1	-1
225	0	3	3	7	-1	-1
225	0	0	27	11	-1	-1
225	0	3	6	7	-1	-1
225	4	5	3	3	-1	-1
225	0	7	3	29	-1	-1
225	0	5	3	3	-1	-1
225	0	1	0	9	-1	-1
225	1	3	3	3	-1	-1
225	4	3	20	3	-1	-1
225	0	7	3	7	-1	-1
224	2	1	2	-1	-1	-1
224	2	8	2	-1	-1	-1
224	15	8	2	-1	-1	-1
224	1	8	4	-1	-1	-1
224	2	2	2	-1	-1	-1
224	12	1	2	-1	-1	-1
224	2	6	5	-1	-1	-1
224	21	2	10	-1	-1	-1
224	2	1	5	-1	-1	-1
224	2	2	10	-1	-1	-1
223	2	4	0	-1	-1	-1
223	2	9	0	-1	-1	-1
223	2	2	0	-1	-1	-1
223	2	23	0	-1	-1	-1
223	2	4	1	-1	-1	-1
223	1	4	0	-1	-1	-1
223	2	9	1	-1	-1	-1
223	5	4	0	-1	-1	-1
223	3	23	2	-1	-1	-1
223	33	18	5	-1	-1	-1
222	0	0	0	-1	-1	-1
222	6	8	3	-1	-1	-1
222	0	3	2	-1	-1	-1
222	0	3	0	-1	-1	-1
222	18	18	14	-1	-1	-1
222	0	12	0	-1	-1	-1
222	0	11	0	-1	-1	-1
222	0	12	2	-1	-1	-1
222	20	19	15	-1	-1	-1
222	9	3	0	-1	-1	-1
221	0	1	1	-1	-1	-1
221	19	1	2	-1	-1	-1
221	0	1	2	-1	-1	-1
221	4	8	0	-1	-1	-1
221	0	2	1	-1	-1	-1
221	4	8	1	-1	-1	-1
221	0	0	1	-1	-1	-1
221	19	2	2	-1	-1	-1
221	20	2	45	-1	-1	-1
221	24	17	2	-1	-1	-1
220	2	5	0	-1	-1	-1
220	2	4	0	-1	-1	-1
220	2	4	1	-1	-1	-1
220	4	9	0	-1	-1	-1
220	2	0	0	-1	-1	-1
220	2	4	18	-1	-1	-1
220	2	4	2	-1	-1	-1
220	2	17	0	-1	-1	-1
220	2	11	0	-1	-1	-1
220	2	22	0	-1	-1	-1
88	1	1	-1	-1	-1	-1
88	1	0	-1	-1	-1	-1
88	0	1	-1	-1	-1	-1
88	0	0	-1	-1	-1	-1
88	3	0	-1	-1	-1	-1
88	3	1	-1	-1	-1	-1
88	1	4	-1	-1	-1	-1
88	1	3	-1	-1	-1	-1
88	2	4	-1	-1	-1	-1
88	1	8	-1	-1	-1	-1
390	0	0	0	-1	-1	-1
390	0	1	0	-1	-1	-1
390	0	10	0	-1	-1	-1
390	3	0	1	-1	-1	-1
390	3	10	1	-1	-1	-1
390	0	4	0	-1	-1	-1
390	3	0	0	-1	-1	-1
390	0	2	0	-1	-1	-1
390	8	2	1	-1	-1	-1
390	8	1	13	-1	-1	-1
151	1	19	21	11	14	-1
151	1	8	5	1	7	-1
151	1	21	21	11	14	-1
151	23	15	5	1	6	-1
151	0	10	5	1	5	-1
151	0	27	5	1	5	-1
151	28	8	5	6	5	-1
151	36	3	39	11	7	-1
151	47	8	5	1	7	-1
151	37	3	45	61	7	-1
150	0	10	0	0	5	9
150	0	11	0	10	2	3
150	0	10	0	10	5	9
150	13	11	1	10	2	6
150	0	1	1	41	77	3
150	0	10	0	19	5	15
150	2	7	0	8	4	6
150	2	7	0	8	4	0
150	2	14	1	8	4	0
150	0	14	0	61	4	0
153	1	8	7	4	4	-1
153	1	8	8	4	4	-1
153	1	5	7	4	4	-1
153	1	5	8	4	7	-1
153	1	8	12	4	4	-1
153	12	14	11	1	1	-1
153	1	8	16	4	4	-1
153	12	0	32	4	1	-1
153	12	32	11	4	1	-1
153	1	3	1	1	4	-1
152	2	2	0	3	6	-1
152	2	1	0	3	2	-1
152	4	2	0	3	0	-1
152	2	2	0	3	0	-1
152	13	2	0	3	3	-1
152	23	2	11	3	2	-1
152	4	2	0	3	3	-1
152	2	3	0	3	7	-1
152	21	2	0	3	0	-1
152	2	2	0	3	19	-1
155	0	0	1	1	-1	-1
155	0	0	7	1	-1	-1
155	1	0	1	1	-1	-1
155	0	0	6	1	-1	-1
155	4	0	5	1	-1	-1
155	5	0	16	16	-1	-1
155	5	0	1	1	-1	-1
155	4	0	7	1	-1	-1
155	5	0	16	1	-1	-1
155	5	0	7	1	-1	-1
154	0	8	0	0	-1	-1
154	0	0	2	0	-1	-1
154	0	7	2	0	-1	-1
154	0	7	0	0	-1	-1
154	1	7	0	0	-1	-1
154	0	0	22	0	-1	-1
154	0	8	22	0	-1	-1
154	0	0	2	2	-1	-1
154	0	0	0	0	-1	-1
154	0	1	2	0	-1	-1
157	1	1	-1	-1	-1	-1
157	41	112	-1	-1	-1	-1
157	7	36	-1	-1	-1	-1
157	7	11	-1	-1	-1	-1
157	7	23	-1	-1	-1	-1
157	2	1	-1	-1	-1	-1
157	1	121	-1	-1	-1	-1
157	1	35	-1	-1	-1	-1
157	7	70	-1	-1	-1	-1
157	1	106	-1	-1	-1	-1
156	25	0	6	11	1	-1
156	14	0	3	0	1	-1
156	0	0	3	0	0	-1
156	2	0	6	11	1	-1
156	38	0	6	11	4	-1
156	14	0	6	11	1	-1
156	25	1	3	0	1	-1
156	0	1	3	0	0	-1
156	0	0	3	0	1	-1
156	38	0	6	11	1	-1
159	4	0	1	2	-1	-1
159	2	0	1	2	-1	-1
159	4	0	6	2	-1	-1
159	4	0	3	2	-1	-1
159	3	0	1	2	-1	-1
159	4	0	4	2	-1	-1
159	4	0	1	1	-1	-1
159	4	0	6	3	-1	-1
159	3	0	4	2	-1	-1
159	4	0	1	3	-1	-1
158	0	0	0	-1	-1	-1
158	0	4	0	-1	-1	-1
158	0	3	0	-1	-1	-1
158	0	12	0	-1	-1	-1
158	0	5	0	-1	-1	-1
158	0	26	0	-1	-1	-1
158	1	3	0	-1	-1	-1
158	12	0	30	-1	-1	-1
158	1	12	0	-1	-1	-1
158	0	6	0	-1	-1	-1
399	2	0	2	5	-1	-1
399	4	1	3	1	-1	-1
399	0	2	1	1	-1	-1
399	15	3	4	1	-1	-1
399	0	2	3	1	-1	-1
399	5	5	3	1	-1	-1
399	7	2	4	1	-1	-1
399	7	2	3	1	-1	-1
399	2	0	4	5	-1	-1
399	17	3	4	6	-1	-1
81	0	15	4	-1	-1	-1
81	2	0	1	-1	-1	-1
81	0	0	1	-1	-1	-1
81	0	6	0	-1	-1	-1
81	0	11	4	-1	-1	-1
81	1	0	1	-1	-1	-1
81	0	0	0	-1	-1	-1
81	2	5	1	-1	-1	-1
81	0	18	5	-1	-1	-1
81	0	11	8	-1	-1	-1
48	0	5	0	-1	-1	-1
48	2	5	0	-1	-1	-1
48	6	5	0	-1	-1	-1
48	6	5	4	-1	-1	-1
48	20	1	2	-1	-1	-1
48	6	5	1	-1	-1	-1
48	22	5	2	-1	-1	-1
48	12	5	0	-1	-1	-1
48	6	0	0	-1	-1	-1
48	10	5	0	-1	-1	-1
49	29	4	2	2	0	-1
49	49	5	0	2	0	-1
49	30	11	2	2	0	-1
49	1	1	1	3	3	-1
49	1	1	2	5	5	-1
49	4	4	2	2	3	-1
49	49	5	0	2	4	-1
49	10	4	0	2	1	-1
49	35	34	0	14	0	-1
49	81	7	1	3	3	-1
46	1	0	1	0	-1	-1
46	1	0	0	0	-1	-1
46	1	0	30	0	-1	-1
46	1	2	7	0	-1	-1
46	2	2	0	0	-1	-1
46	1	0	7	0	-1	-1
46	1	2	7	1	-1	-1
46	0	2	0	0	-1	-1
46	1	0	7	4	-1	-1
46	0	0	7	0	-1	-1
47	2	0	0	-1	-1	-1
47	2	3	2	-1	-1	-1
47	5	3	2	-1	-1	-1
47	5	0	0	-1	-1	-1
47	2	5	4	-1	-1	-1
47	2	6	5	-1	-1	-1
47	2	17	16	-1	-1	-1
47	2	11	10	-1	-1	-1
47	10	3	2	-1	-1	-1
47	23	3	2	-1	-1	-1
44	9	3	14	-1	-1	-1
44	9	38	7	-1	-1	-1
44	9	14	4	-1	-1	-1
44	9	7	4	-1	-1	-1
44	9	32	4	-1	-1	-1
44	9	3	4	-1	-1	-1
44	9	14	14	-1	-1	-1
44	2	107	7	-1	-1	-1
44	9	17	7	-1	-1	-1
44	9	16	7	-1	-1	-1
45	5	0	0	0	2	-1
45	5	0	0	0	0	-1
45	7	3	1	3	8	-1
45	7	3	1	3	2	-1
45	5	3	0	0	11	-1
45	5	0	0	0	7	-1
45	7	3	4	3	9	-1
45	9	2	4	8	9	-1
45	6	3	1	3	2	-1
45	14	2	0	0	2	-1
42	2	3	2	0	0	-1
42	2	1	9	10	0	-1
42	7	4	9	10	4	-1
42	2	4	2	0	0	-1
42	2	4	2	0	1	-1
42	2	1	2	29	1	-1
42	2	14	2	0	0	-1
42	2	5	5	12	1	-1
42	2	4	22	0	0	-1
42	2	1	2	0	4	-1
43	8	2	1	-1	-1	-1
43	4	2	1	-1	-1	-1
43	19	2	1	-1	-1	-1
43	7	2	1	-1	-1	-1
43	6	2	1	-1	-1	-1
43	7	2	2	-1	-1	-1
43	13	11	1	-1	-1	-1
43	0	2	1	-1	-1	-1
43	4	2	0	-1	-1	-1
43	7	2	3	-1	-1	-1
40	5	1	-1	-1	-1	-1
40	5	4	-1	-1	-1	-1
40	0	17	-1	-1	-1	-1
40	3	2	-1	-1	-1	-1
40	12	1	-1	-1	-1	-1
40	7	23	-1	-1	-1	-1
40	0	13	-1	-1	-1	-1
40	0	0	-1	-1	-1	-1
40	0	12	-1	-1	-1	-1
40	7	1	-1	-1	-1	-1
41	3	1	1	4	0	-1
41	3	1	1	3	0	-1
41	3	1	1	3	1	-1
41	13	1	1	3	0	-1
41	3	1	1	3	3	-1
41	16	1	1	3	1	-1
41	5	3	42	15	0	-1
41	2	1	1	4	0	-1
41	3	1	1	3	5	-1
41	3	1	1	4	1	-1
5	8	9	9	0	0	-1
5	8	14	25	0	0	-1
5	8	9	9	10	0	-1
5	8	7	9	0	0	-1
5	8	7	3	0	0	-1
5	18	9	15	0	0	-1
5	25	9	27	0	0	-1
5	0	9	9	0	0	-1
5	8	7	25	0	0	-1
5	7	7	6	0	0	-1
489	0	0	4	1	-1	-1
489	41	0	4	3	-1	-1
489	0	0	4	3	-1	-1
489	0	0	13	3	-1	-1
489	4	2	13	12	-1	-1
489	68	11	16	32	-1	-1
489	25	6	4	3	-1	-1
489	0	0	32	3	-1	-1
489	35	20	1	1	-1	-1
489	35	20	4	2	-1	-1
488	0	0	11	1	3	-1
488	2	0	10	1	3	-1
488	0	14	11	3	1	-1
488	10	7	0	1	0	-1
488	5	5	11	1	3	-1
488	36	56	0	1	6	-1
488	0	8	32	1	0	-1
488	36	123	74	3	3	-1
488	5	3	5	1	3	-1
488	84	130	12	0	51	-1
487	0	0	1	0	1	-1
487	1	0	2	1	5	-1
487	1	0	1	1	2	-1
487	1	0	1	1	1	-1
487	1	0	5	1	5	-1
487	0	0	2	0	1	-1
487	4	0	2	2	4	-1
487	13	1	1	23	1	-1
487	0	0	4	0	1	-1
487	1	0	1	4	2	-1
486	2	0	0	0	-1	-1
486	2	0	2	0	-1	-1
486	3	0	2	0	-1	-1
486	2	0	7	6	-1	-1
486	1	1	2	0	-1	-1
486	2	0	0	3	-1	-1
486	2	0	10	0	-1	-1
486	3	1	2	2	-1	-1
486	2	1	2	0	-1	-1
486	3	0	0	2	-1	-1
485	1	1	-1	-1	-1	-1
485	1	8	-1	-1	-1	-1
485	2	1	-1	-1	-1	-1
485	0	1	-1	-1	-1	-1
485	4	1	-1	-1	-1	-1
485	10	17	-1	-1	-1	-1
485	1	10	-1	-1	-1	-1
485	1	2	-1	-1	-1	-1
485	1	7	-1	-1	-1	-1
485	2	2	-1	-1	-1	-1
484	0	3	0	-1	-1	-1
484	0	5	0	-1	-1	-1
484	0	7	2	-1	-1	-1
484	0	3	2	-1	-1	-1
484	0	9	2	-1	-1	-1
484	0	3	5	-1	-1	-1
484	0	9	3	-1	-1	-1
484	0	0	0	-1	-1	-1
484	3	7	3	-1	-1	-1
484	0	5	3	-1	-1	-1
483	5	0	1	0	-1	-1
483	1	0	1	0	-1	-1
483	6	0	2	1	-1	-1
483	8	0	2	4	-1	-1
483	1	4	1	0	-1	-1
483	6	0	2	4	-1	-1
483	1	0	4	0	-1	-1
483	8	0	1	4	-1	-1
483	4	0	2	2	-1	-1
483	4	0	1	2	-1	-1
482	0	4	2	-1	-1	-1
482	1	16	2	-1	-1	-1
482	1	4	2	-1	-1	-1
482	0	0	2	-1	-1	-1
482	0	5	2	-1	-1	-1
482	1	18	2	-1	-1	-1
482	1	18	4	-1	-1	-1
482	0	0	5	-1	-1	-1
482	1	24	2	-1	-1	-1
482	1	18	14	-1	-1	-1
481	5	3	1	12	-1	-1
481	11	1	11	2	-1	-1
481	0	1	1	2	-1	-1
481	11	2	1	2	-1	-1
481	12	1	0	2	-1	-1
481	5	1	1	2	-1	-1
481	0	3	1	12	-1	-1
481	0	0	0	0	-1	-1
481	12	2	11	2	-1	-1
481	13	1	1	2	-1	-1
480	5	1	0	0	2	-1
480	5	9	13	0	2	-1
480	15	1	5	7	2	-1
480	15	1	5	1	1	-1
480	5	9	0	0	1	-1
480	15	1	5	11	1	-1
480	15	1	13	1	2	-1
480	5	1	0	0	1	-1
480	5	1	5	0	1	-1
480	15	0	5	1	1	-1
472	0	0	2	0	2	1
472	0	0	5	0	4	5
472	0	0	1	0	4	5
472	0	0	2	0	4	1
472	12	0	2	0	2	1
472	1	0	5	0	4	22
472	1	0	3	0	4	22
472	0	0	2	0	4	22
472	6	0	2	4	19	1
472	1	0	4	0	2	10
473	0	0	0	-1	-1	-1
473	0	2	0	-1	-1	-1
473	0	2	1	-1	-1	-1
473	0	1	1	-1	-1	-1
473	0	0	1	-1	-1	-1
473	0	1	0	-1	-1	-1
473	0	4	1	-1	-1	-1
473	0	4	0	-1	-1	-1
473	4	0	2	-1	-1	-1
473	4	0	0	-1	-1	-1
470	1	13	0	-1	-1	-1
470	4	6	0	-1	-1	-1
470	2	13	0	-1	-1	-1
470	2	8	1	-1	-1	-1
470	1	0	1	-1	-1	-1
470	1	17	1	-1	-1	-1
470	7	13	0	-1	-1	-1
470	1	0	0	-1	-1	-1
470	1	13	10	-1	-1	-1
470	0	0	0	-1	-1	-1
471	0	2	2	4	-1	-1
471	0	2	2	1	-1	-1
471	0	2	2	0	-1	-1
471	0	5	0	0	-1	-1
471	0	5	0	1	-1	-1
471	0	4	0	1	-1	-1
471	0	2	0	0	-1	-1
471	0	5	0	4	-1	-1
471	0	10	0	5	-1	-1
471	0	5	2	1	-1	-1
476	2	6	5	-1	-1	-1
476	1	6	3	-1	-1	-1
476	1	8	3	-1	-1	-1
476	2	11	5	-1	-1	-1
476	2	8	3	-1	-1	-1
476	2	1	5	-1	-1	-1
476	2	6	3	-1	-1	-1
476	1	6	5	-1	-1	-1
476	2	1	29	-1	-1	-1
476	2	0	5	-1	-1	-1
477	1	1	4	5	-1	-1
477	1	1	0	5	-1	-1
477	1	1	5	5	-1	-1
477	1	1	6	5	-1	-1
477	1	2	5	5	-1	-1
477	1	1	9	5	-1	-1
477	0	1	0	0	-1	-1
477	0	1	0	4	-1	-1
477	1	1	3	5	-1	-1
477	1	7	9	5	-1	-1
474	0	4	-1	-1	-1	-1
474	0	3	-1	-1	-1	-1
474	0	1	-1	-1	-1	-1
474	1	3	-1	-1	-1	-1
474	0	5	-1	-1	-1	-1
474	4	1	-1	-1	-1	-1
474	2	4	-1	-1	-1	-1
474	4	3	-1	-1	-1	-1
474	1	4	-1	-1	-1	-1
474	0	20	-1	-1	-1	-1
475	5	0	-1	-1	-1	-1
475	11	1	-1	-1	-1	-1
475	11	0	-1	-1	-1	-1
475	3	1	-1	-1	-1	-1
475	1	0	-1	-1	-1	-1
475	17	1	-1	-1	-1	-1
475	12	1	-1	-1	-1	-1
475	8	1	-1	-1	-1	-1
475	7	1	-1	-1	-1	-1
475	17	4	-1	-1	-1	-1
478	1	1	-1	-1	-1	-1
478	5	1	-1	-1	-1	-1
478	3	1	-1	-1	-1	-1
478	1	0	-1	-1	-1	-1
478	13	1	-1	-1	-1	-1
478	21	3	-1	-1	-1	-1
478	3	0	-1	-1	-1	-1
478	12	3	-1	-1	-1	-1
478	54	1	-1	-1	-1	-1
478	51	1	-1	-1	-1	-1
479	0	3	-1	-1	-1	-1
479	1	1	-1	-1	-1	-1
479	1	0	-1	-1	-1	-1
479	3	1	-1	-1	-1	-1
479	3	0	-1	-1	-1	-1
479	6	1	-1	-1	-1	-1
479	29	0	-1	-1	-1	-1
479	0	0	-1	-1	-1	-1
479	24	1	-1	-1	-1	-1
479	3	3	-1	-1	-1	-1
